6546
6547
6549
6550
6551
6552
6553
6554
6555
6557
6559
6563
6564
6566
6567
6569
6570
6571
6573
6574
6575
6576
6577
6578
6580
6581
6582
6583
6584
6585
6586
6587
6589
6590
6591
6592
6596
6597
6598
6602
6603
6604
6605
6607
6608
6609
6610
6611
6612
6613
6614
6617
6618
6621
6622
6623
6624
6626
6627
6628
6630
6631
6632
6636
6637
6640
6641
6642
6643
6646
6647
6648
6649
6653
6657
6658
6660
6661
6662
6663
6664
6665
6668
Exception Occurred
6670
6671
6672
6673
6675
6676
6677
6679
6680
6682
6683
6684
6685
6688
6689
6691
6692
6693
6695
6697
6699
6700
6701
6702
6703
6704
6705
6706
6707
1
Exception Occurred
4
Exception Occurred
8
11
12
13
Exception Occurred
14
16
17
Exception Occurred
20
21
Exception Occurred
22
24
25
26
Exception Occurred
27
29
31
33
34
35
36
37
38
39
40
41
43
44
Exception Occurred
46
47
48
Exception Occurred
49
51
52
Exception Occurred
53
54
55
Exception Occurred
56
Exception Occurred
57
59
Exception Occurred
60
62
66
67
68
69
Exception Occurred
71
Exception Occurred
72
73
Exception Occurred
74
Exception Occurred
75
77
79
80
81
Exception Occurred
85
86
Exception Occurred
87
Exception Occurred
90
91
Exception Occurred
92
93
Exception Occurred
94
95
96
98
Exception Occurred
99
Exception Occurred
100
103
Exception Occurred
104
105
106
107
Exception Occurred
109
Exception Occurred
110
111
Exception Occurred
112
113
114
115
118
Exception Occurred
119
122
123
125
126
127
130
131
132
133
135
Exception Occurred
136
137
138
Exception Occurred
140
Exception Occurred
142
143
146
147
148
Exception Occurred
149
150
154
155
156
157
Exception Occurred
158
160
162
164
165
166
167
169
170
Exception Occurred
172
173
175
176
179
181
182
183
184
185
187
188
189
190
Exception Occurred
192
193
194
195
196
197
198
199
200
201
202
203
204
205
207
Exception Occurred
209
210
10126
10127
10128
10129
10130
10131
10133
10134
10140
10144
10145
10146
10149
10150
10151
10152
10153
10156
10159
10160
10162
10163
10166
10167
10171
10172
10178
10179
10180
10181
10182
10183
10185
10187
10189
10191
10192
10197
10209
10210
10215
10218
10220
10222
10223
10224
10227
10229
10230
10234
10235
10237
10239
10240
10241
10242
10245
10248
10249
10250
10251
10254
10255
10257
10258
10260
10261
10262
10264
10268
10270
10272
10277
10278
10279
10282
10284
10287
10291
10292
10294
10295
10296
10298
10300
10301
10303
10304
10305
10306
10307
10310
10316
10319
10326
10330
10332
10333
10336
10338
10341
10343
10344
10346
10347
10348
10350
10352
10355
10356
10358
10360
10361
10363
10367
10368
10369
10372
10373
10374
10375
10376
10381
10390
10391
10394
10398
10399
10404
10405
10407
10408
10409
10411
10412
10414
10415
10417
10418
10419
10420
10421
10423
10425
10428
10430
10437
10438
13083
13128
13129
13132
13133
13136
13138
13140
13141
13142
13147
13151
13153
13156
13157
13158
13161
13162
13164
13166
13170
13173
13176
13179
13180
13190
13191
13193
13194
13196
13197
13198
13200
13201
13205
13210
13211
13212
13216
13217
13219
13221
13223
13224
13225
13228
13230
13231
13234
13235
13236
13240
Exception Occurred
13243
13250
13253
13254
13257
13262
13263
13264
13266
13269
13271
13275
13277
13280
13282
13284
Exception Occurred
13290
13291
13295
13296
13299
13301
13304
13306
13308
13311
13313
13314
13315
13316
13323
13325
13327
13328
13331
13332
13333
13334
13336
13338
13340
13341
13342
13347
13350
13354
13357
13359
13363
13366
13367
13368
13370
13371
13373
13374
13377
13379
13380
Exception Occurred
13382
13383
13384
13385
13386
13392
13394
13395
13396
13397
13399
13401
13407
13409
13410
13411
13412
13415
13416
13417
13419
Exception Occurred
13423
7036
7039
7041
7044
7049
Exception Occurred
7050
7051
7055
7057
7058
7059
7060
7062
Exception Occurred
7063
7064
7066
7067
Exception Occurred
7073
7075
Exception Occurred
7076
7078
7079
7081
7083
7085
7087
7088
7089
7090
7092
7093
7094
7096
Exception Occurred
7097
7098
7099
7100
7102
7104
7105
7107
7108
7109
7110
7114
7116
7118
7121
7122
7124
7126
7127
7128
7130
7131
7133
7135
7137
Exception Occurred
7138
7140
7143
Exception Occurred
7144
7145
7147
7152
7154
7155
7156
7158
7163
7165
7166
7171
7172
7175
7176
7177
7178
7181
7182
7183
7185
7190
7191
7194
7195
7196
7197
Exception Occurred
7198
7199
7200
7202
7203
7204
7205
7206
7210
7212
Exception Occurred
7213
7214
7215
7216
7217
7218
7220
7221
7223
7224
7225
7226
7227
7228
7229
7231
7232
7236
7238
7239
7240
7241
7242
7243
7245
7248
7249
7251
7254
7255
7256
7257
7258
7259
7260
7261
7262
7263
7267
7268
7270
7271
7273
7275
7276
7277
7280
7281
7282
7284
8913
8917
8918
8919
8920
8922
8923
Exception Occurred
8924
8926
8927
8928
8929
8931
8932
8933
8934
8935
8936
8937
8938
8939
8940
8943
8944
8948
8959
8960
8963
8964
8971
8972
8973
8974
Exception Occurred
8975
8979
8980
8983
8984
8985
8986
8990
8993
8994
8996
9004
9010
9011
9017
9021
9023
9029
9034
9038
9042
9043
9044
9046
9047
9049
9053
9058
9060
9062
9064
9068
9070
9075
9076
9077
9078
9079
9080
9081
9082
9083
9085
9087
9089
9090
9091
9098
9104
9109
9113
9114
9121
9123
9129
Exception Occurred
9130
9131
9132
9141
9142
9148
9149
9152
9158
9159
9167
9168
9173
9174
9175
9176
9178
9179
9180
9182
9184
9190
9191
9195
9199
9204
9210
9220
9226
9229
9231
9241
9244
9254
9255
Exception Occurred
9263
9271
9272
9290
9302
9308
9316
9320
9321
9326
9327
9328
9332
9333
9334
9338
Exception Occurred
9339
9349
9354
9357
9364
9367
9370
9377
9378
Exception Occurred
12191
12193
12195
12196
12197
12199
12204
12210
12212
12215
12216
12217
12218
12219
Exception Occurred
12222
12226
12227
12228
12229
12232
12233
12238
12245
12246
12248
12251
12253
12259
12261
12263
12265
Exception Occurred
12267
12270
12272
12273
12275
12279
12280
12282
12283
12284
12285
12288
Exception Occurred
12289
12291
12292
12296
12298
12299
12301
12306
12307
12311
12313
12317
12321
12322
12324
Exception Occurred
12327
12328
12329
12332
12335
12336
12341
12345
12351
12353
12355
12358
12360
12361
12362
12364
12365
12366
12368
12370
12371
12373
12374
12381
12382
Exception Occurred
12384
12394
12395
12399
12402
12403
12404
12406
12407
12409
12410
12414
12416
12418
12419
12420
12424
12425
12429
12430
12434
12436
12438
12441
12442
12445
12447
12448
12449
12452
12453
12456
12457
12459
12460
12464
12467
12469
12470
12471
12473
12476
12478
12480
12482
12484
12488
12489
12490
12491
12493
12494
12497
12498
12499
12500
12501
12502
12503
12504
12505
12506
12508
12509
12510
11283
11284
11285
11286
11287
11291
11295
11296
11297
11300
11303
11304
Exception Occurred
11305
11307
11310
11311
11312
11313
11315
11316
11317
11318
11321
11324
11326
11331
11332
11335
11339
11341
11342
11345
11346
11348
11349
11351
11352
11355
11356
11358
11359
11361
11368
11369
11374
11376
11383
11384
11385
11386
11388
11392
11393
11396
11401
11405
11407
11410
11411
11417
11419
11421
11422
11423
11425
11427
11431
Exception Occurred
11433
11436
11437
11438
11440
11443
11444
11447
11450
11452
11457
11458
11459
11464
11471
11472
11474
11477
11478
11479
11480
11481
11483
11484
11485
11490
11493
11494
11496
Exception Occurred
11497
11498
11499
11500
11503
11504
11505
11509
11510
11511
11512
11513
11514
11515
11516
11517
11518
11519
11523
11524
11525
11526
11527
11531
11533
11534
11535
11538
Exception Occurred
11540
11541
11545
11546
11547
11548
11549
11551
11552
11557
11558
11561
11562
11563
11565
11566
11568
11569
11572
11573
11574
11575
11576
11577
7285
7287
7289
Exception Occurred
7290
7291
7293
7296
7298
7299
7300
7301
7302
7303
7304
7306
7307
7308
7310
7311
7312
7313
7315
7317
7318
7320
7321
7323
7324
7326
7327
7329
7330
7335
7337
7339
7341
7342
7344
7345
7346
7347
Exception Occurred
7348
7349
7352
7353
7355
7356
7358
7360
7361
7362
7363
7367
7372
7373
7374
7375
7376
7378
7384
7385
7386
7388
7389
7390
7397
7400
7401
7403
7404
7407
7409
7413
7414
7416
7418
7420
7422
7427
7428
Exception Occurred
7429
7430
7433
7434
7438
7441
7445
7449
7450
7451
7453
7454
7456
7457
7458
7461
7462
7463
7464
7465
7469
7471
7472
7473
7474
7477
7478
7480
7481
7483
7484
7485
7486
7487
7489
7490
7491
7492
7493
7494
7498
7499
7500
7503
7508
7510
7608
7609
7610
7639
7640
7643
7644
7645
7650
7653
7654
7656
7660
7662
Exception Occurred
7665
7668
7669
7674
7675
7676
7677
7678
6767
6771
6774
6776
6777
6781
6783
6784
6788
6789
6790
6791
6792
6796
6797
6800
6802
6803
6804
6808
6809
6811
6812
6815
6820
6823
6825
6827
6828
6830
6831
6832
6835
6838
6840
6842
6844
6846
6848
6851
6853
6855
6856
6857
6861
6864
6865
6866
6867
6869
6870
6871
6872
6873
6876
6877
6879
6880
6885
6886
6888
6890
Exception Occurred
6891
6892
6895
6896
Exception Occurred
6898
6899
6905
6907
6909
6911
6915
6916
6918
6919
6920
6921
6925
6926
6927
6931
6932
6934
6935
6940
6942
6943
6944
6945
6946
6947
6948
6949
6952
6953
6954
6955
6957
6958
6959
6960
6961
6964
6965
6970
6971
6973
6975
6976
6977
6979
6982
6983
6984
Exception Occurred
6987
6988
6989
6990
6991
6992
6993
6994
6995
6996
6998
6999
7001
7002
7003
Exception Occurred
7004
7005
7007
7008
7012
7013
7014
7015
7016
7019
7020
7021
7023
7025
7026
7029
7030
7033
8580
8583
8586
8591
8596
8597
8598
8599
8604
8605
8606
8610
8612
8614
8615
8616
8623
8625
8626
8629
8630
8631
8633
8635
8637
8642
Exception Occurred
8643
8644
8646
8650
8653
8654
8656
8658
8659
8662
8663
8665
8670
8678
8682
8687
8689
8690
8694
8695
8696
8699
8701
8707
8709
8710
8713
8714
8716
8717
8718
8719
8721
8723
8724
8726
8729
8732
8733
8734
8740
8742
8743
8747
8748
8749
8750
8753
8754
8757
8758
8759
8760
8761
8762
8763
8766
8767
Exception Occurred
8768
8769
8770
8771
8772
8773
8781
8783
8788
8789
8790
Exception Occurred
8791
8794
8795
8799
8804
8812
8815
8818
8819
8821
8824
8825
8828
8830
8835
8836
8837
8841
8842
8843
8844
8845
8846
8847
8848
8849
8853
8854
8855
8859
8863
8865
8867
8868
8869
8870
8873
8874
8875
8876
8877
8879
8880
8881
8882
8883
8884
8892
8896
8899
8902
8904
8911
7679
7680
7681
7684
7685
7688
7690
7694
7695
7707
7712
7713
7717
7723
7724
7726
7727
7730
7733
7735
7737
7740
7742
7746
7750
7751
7752
7753
7754
7757
7759
7760
Exception Occurred
7762
7764
7765
7766
7767
7768
7769
7771
7772
7773
7775
7776
7777
7779
7780
7781
7786
7787
7788
8270
8271
8272
8275
8276
8361
8362
8364
8366
8367
8369
8376
8378
8379
8382
8384
8387
8389
8390
8391
8392
8393
8396
8398
8399
8400
8401
8402
8403
8404
8408
8409
8415
8417
8423
8424
Exception Occurred
8427
8428
8430
8432
8434
8440
8443
8444
8445
8446
8460
8463
8464
8466
8468
8469
8471
Exception Occurred
8473
8477
8478
8479
8484
8489
8491
8492
8493
8494
8500
8501
8504
8508
8513
8514
8515
8519
8521
8523
8524
8525
8527
8528
8531
8541
8542
8543
8544
8550
8554
8555
8556
8558
8560
8563
8564
8568
8570
8571
8572
8574
8575
8579
10439
10440
10442
10443
10444
10445
10446
10447
10448
10449
10450
10451
10452
10453
10456
10459
10461
10462
10464
10465
10467
10475
10476
10477
10479
10480
10481
10483
10484
10488
10490
10492
10495
10496
10497
10499
10500
10501
10502
10503
10504
10506
10507
10508
10509
10510
10516
Exception Occurred
10517
10518
10522
10523
10529
10530
10533
10535
10537
10538
10540
10541
10545
10549
10552
10553
10555
10556
10557
Exception Occurred
10558
10559
10560
10562
10564
10565
10566
10570
10572
10573
10576
10577
10578
10580
10581
10583
10585
10587
10588
10589
10594
10595
10596
10599
10600
10604
10607
10609
10610
10612
10613
10619
10620
10621
10623
10624
10625
10627
10633
10638
10639
10645
10646
10647
10648
10651
10652
10654
10655
10656
10657
10658
10662
10663
10665
10667
10669
10670
10671
10673
10674
10675
10676
10678
10679
10681
10683
10684
Exception Occurred
10686
10687
10688
10689
10694
10697
10698
10701
10703
10704
10705
10706
10707
10708
11882
11884
11885
11887
11889
11890
11892
11894
11895
11896
11901
11903
11905
11906
11908
11909
11913
11914
11915
11917
11923
11924
11927
11929
11930
11933
11935
11936
11937
11939
11941
11943
11945
11948
11949
11950
11953
11954
11955
11962
11963
11964
11966
11969
11970
11972
11976
11978
11981
11984
Exception Occurred
11986
11989
11992
11993
11995
11996
11998
12001
12002
12006
12007
12009
12010
12011
12012
12014
12015
12016
12018
12025
12029
12030
12031
12032
12036
12037
12038
12044
12047
12048
12050
12051
12052
12054
12056
12058
12059
12061
12067
12078
12080
12081
12082
12083
12084
12086
12087
12089
12090
12091
12095
12096
12099
12100
12101
12105
12108
12109
12110
12111
12112
12113
12115
12120
12121
12127
Exception Occurred
12129
12131
12132
12134
12139
12140
12142
12144
12145
12146
12150
12151
12152
12156
12158
12159
12160
12161
12162
12163
Exception Occurred
12169
12171
12172
12174
12175
12176
12177
12178
12180
12181
12182
12184
9833
9834
9837
9838
9840
9843
9844
9845
9848
9849
Exception Occurred
9850
9858
9859
9862
9863
9864
9866
9868
9871
9872
9873
9874
9877
9879
9881
9883
9885
9886
9889
9892
9893
9895
9896
9898
9899
9904
9905
9906
9907
9908
9910
9911
9912
9913
Exception Occurred
9914
9916
9918
9919
9921
9923
9924
9925
9926
9927
9928
9930
9931
9933
9934
9936
9939
9943
9944
9945
9947
9948
9949
9952
9956
9959
9960
9961
9964
9965
9967
9969
9972
9975
9978
9979
9980
9981
9982
9985
9986
9988
9989
9991
9992
9993
9997
9999
10001
10002
10003
10005
10006
10007
10008
10009
10010
10014
10015
10016
10017
10020
10023
10025
10028
10029
10033
10034
10035
10040
10041
10043
10044
10054
10057
10058
10062
10065
10072
10074
10078
10079
10083
10087
10088
10089
10093
10095
10098
Exception Occurred
10099
10103
10106
10107
10108
10109
10111
10113
10117
10119
10120
10121
10122
10124
10125
12808
12811
12813
12815
12816
12819
12820
12821
12823
12824
12825
12826
12830
12833
12836
12837
12839
12843
12850
12852
12853
12855
12856
12857
12858
12859
12860
12861
12862
12866
12867
12868
12869
12870
12871
12872
12873
12874
12881
12883
12886
12887
12888
12889
12890
12891
12892
12893
12895
12898
12900
12902
12903
12907
12910
12911
12912
12913
12914
12917
12923
12925
12929
12931
12932
12933
12934
12936
12937
12943
12945
12948
12949
12951
12955
12956
12958
12959
12960
12961
12962
12963
12964
12966
12968
12969
12970
12972
12974
12975
12977
12978
Exception Occurred
12979
Exception Occurred
12980
12986
12987
12991
12995
12996
12997
12998
13002
13003
Exception Occurred
13005
13009
13010
13011
13012
13013
13014
13015
13018
13019
13020
13022
13023
13024
13030
13031
13033
13034
13036
13041
13042
13044
13047
13048
13050
13051
13052
13053
13055
13058
13059
13060
13063
13065
13066
13067
13068
13069
13070
13073
13076
13077
13078
13081
13082
934
935
937
938
940
941
942
944
945
946
947
948
951
954
955
957
961
963
964
965
968
969
971
973
974
975
977
979
982
985
987
989
990
Exception Occurred
991
992
993
995
996
997
998
999
1000
1001
1003
1005
1006
1007
1009
1010
1011
1012
1014
1015
1016
1017
1018
1019
1021
1022
1023
1024
1025
1026
1029
1030
1031
1032
1033
1038
1039
1040
1041
1042
1043
1046
1047
1048
1049
Exception Occurred
1050
1051
1055
1059
1061
1062
1065
1068
1071
1073
1074
1077
1079
1080
1081
1082
1086
1087
1088
1089
1090
1091
1093
1095
1098
1099
1103
1104
1105
1108
1109
1110
1112
1114
1115
1117
1120
1121
1122
1123
1126
1127
1129
1130
1132
1133
1134
1136
1137
1138
1142
1143
1144
1145
1146
1147
1148
1149
1150
1151
1155
1156
1157
1159
1160
1162
1163
1164
1165
1167
6316
6317
6318
6319
6320
6321
6324
6325
6327
6328
6329
6330
6331
6332
6333
6334
6335
6336
6341
6342
6343
6344
6345
6346
6347
6348
6349
6350
6351
6352
6353
6354
6355
6357
6360
6361
6362
6363
6364
6366
6367
6368
6369
6370
6371
6372
6373
6374
6375
6376
6378
6379
6380
6381
6382
6383
6384
6388
6390
6391
6392
6393
6394
6396
6398
6400
6401
Exception Occurred
6402
6403
6404
6405
6406
6407
6408
6411
6412
6413
6414
6416
6418
6419
6421
6422
6424
6426
6428
6429
6430
6433
6435
6436
6437
6438
6439
6441
6442
6443
6444
6445
6446
6447
6451
6452
6453
6456
6457
6458
6461
6462
6463
6472
6474
6478
6480
6481
6482
6485
6489
6490
6493
6494
6496
6497
6499
6501
6504
6505
6507
6512
6514
6518
6519
6520
6523
6524
Exception Occurred
6526
6527
6528
6530
6531
6536
6538
6539
6540
6541
6543
6544
6545
1168
1169
1172
1173
1174
1175
1176
1177
1178
1180
1181
1183
1185
1186
Exception Occurred
1190
1191
1193
1194
1195
1198
1201
1202
1204
1206
1208
1210
1211
1212
1213
1216
1217
1218
1220
1221
1225
1227
1228
1229
1231
1232
1234
1236
1238
1239
1241
1242
1246
1248
1249
1253
1254
1257
1258
1260
1261
1264
1265
1266
1268
1269
1270
1271
1272
1274
1275
1277
1280
1281
1282
1283
1284
1285
1286
1287
1288
Exception Occurred
1290
1291
1292
1293
1294
1295
1297
1298
1301
1302
1307
1308
1309
1311
1320
1321
1322
1323
1325
1326
1328
1330
1332
1333
1334
1336
1338
1339
1342
1344
1345
1346
1347
1350
1352
1354
1355
1356
1357
1359
1360
1362
1363
1364
1365
1366
1367
1368
1369
1372
1373
1375
1376
1377
1378
1379
1383
1384
1385
1387
1388
1391
1392
1394
1395
1399
1402
1405
1407
1408
1409
1410
1415
3389
3390
3392
3394
3395
3401
3403
3404
3405
3407
3408
3410
3411
3412
3414
3416
3417
3418
3419
Exception Occurred
3420
3422
3423
3424
3425
3427
3428
3430
3431
3432
3433
3434
3435
3438
3439
3440
3441
3444
3446
3447
3448
3449
3450
3454
3455
3456
3457
3458
3459
3462
3463
3465
3466
3467
3468
3471
3474
3475
3476
3479
3481
3482
3484
3485
3486
3487
3488
3489
3491
3492
3493
3495
3496
3497
3498
3499
3500
3501
3503
Exception Occurred
3505
3508
3511
3512
3513
3514
3515
3516
3518
3520
3522
3525
3527
3530
3531
3533
3534
3535
3536
3537
3540
3541
3542
3543
3544
3545
3546
3547
3548
3550
3552
3557
3558
3559
3562
3563
3565
3566
3567
3570
3571
3573
3574
3575
3576
3577
3578
3579
3580
3581
3582
3583
3584
3585
3586
3587
3590
3591
3592
3594
3599
3605
3607
3608
3611
3612
3621
3623
3625
3626
1665
1670
1671
1672
1673
1675
1676
1678
1679
1683
1685
1686
1689
1690
1693
1696
1698
1700
1701
1703
1705
1711
1712
Exception Occurred
1713
1715
1716
1717
1721
1723
1725
1726
1727
1728
1731
1732
1733
1734
1736
1737
1738
1739
1744
1746
1747
1749
1750
1751
1755
1756
1758
1759
1760
1761
1763
1766
1767
1770
1771
Exception Occurred
1773
1774
1777
1778
1780
1781
1783
1785
1786
1787
1788
1790
1795
1797
1800
1801
1802
1803
1804
1806
1807
1809
1810
1811
1815
1817
1818
1819
1821
1822
1823
1824
1825
1827
1830
1831
1832
1833
1834
1837
1838
1839
1840
1842
1843
1844
1845
1846
1848
1850
1851
1852
1853
1854
1855
1857
1858
1860
1861
1862
1863
1865
1869
1871
1872
1873
1874
1875
1876
1880
1882
1884
1886
1888
1892
1893
1894
1895
1896
1899
1900
1904
1905
1906
1907
1909
1918
1919
1920
1921
3628
3634
3638
3640
3641
3642
3644
3646
3648
3650
3651
3652
3654
3655
3656
3657
3658
3660
3662
Exception Occurred
3663
3664
3665
3666
3667
3668
3669
3671
3672
3673
3674
3675
3676
3677
3678
3679
3681
3682
3683
3685
3686
3687
3689
3690
3691
3692
3693
3694
3695
3696
3697
3698
3699
3701
3702
3704
3705
3706
3707
3708
3709
3710
3711
3712
3713
3714
3715
3716
3717
3719
3721
3722
3725
3727
3729
3730
3731
3732
3733
3734
3736
3737
3738
3740
3741
3743
3744
3745
3746
3748
3750
3751
3753
3754
3756
3757
3758
3761
3762
3763
3764
3765
3766
3767
3768
3769
3771
3772
3773
3774
3775
3776
3777
3778
3779
3780
3781
3783
3786
3787
3788
3789
3790
3791
3793
3794
3796
3797
3798
3800
3801
3802
3803
3804
3805
3806
3808
3813
3814
3815
3816
3817
3818
3820
Exception Occurred
3823
3824
3825
3826
3827
9388
9390
9398
9403
9412
9413
9416
9418
Exception Occurred
9420
9427
9437
9439
9441
9443
9452
9455
9461
9476
9477
9478
9479
9481
9494
9495
9496
9497
9499
9501
9502
9503
9504
9505
9508
9516
9523
9537
9546
9554
9560
9561
9567
9568
9574
9581
9582
9585
9589
9596
9597
9599
9604
9605
9606
9607
9608
9609
9610
9611
9612
9613
9614
9615
9616
9617
9618
9619
9620
9622
9624
9631
9632
9636
9637
9638
9640
9643
9656
9658
9660
9661
9672
9673
9674
9675
9679
9694
Exception Occurred
9698
9708
9709
9711
9714
9715
9716
9717
9719
9720
9721
9722
9723
9724
9727
9729
9731
9735
9736
9737
9741
9742
9743
9750
9752
9755
9764
9765
9766
9767
9768
9769
9771
9772
9774
9775
9776
9780
9781
9782
9784
9791
9792
9793
9795
9799
9800
9803
9805
9806
9811
9813
9814
9817
9818
9821
9824
9825
9827
9828
9829
9831
4018
4019
4022
4023
4028
4029
4030
4031
4033
4034
4037
4039
4040
4045
4048
4049
4054
4057
4058
Exception Occurred
4060
4061
4062
4065
4066
4071
4072
4073
4076
4077
4078
4080
4082
4083
4085
4086
4087
4089
4090
4091
4092
4095
4097
4099
4100
4101
4102
4103
4104
4106
4107
4108
4109
4110
4113
4114
4115
4117
4118
4119
4120
4122
4123
4124
4125
4126
4127
4128
Exception Occurred
4129
4130
4131
4133
4135
4136
4137
4138
4139
4140
4141
4142
4144
4148
4149
4150
4152
4153
4154
4155
4157
4159
4161
4163
4164
4165
4167
4168
4169
4170
4171
4172
4173
4174
4176
4177
4178
4179
4180
4182
4184
4186
4188
4189
4190
4191
4192
4193
4194
4196
4197
4198
4199
4205
4206
4207
4208
4209
4211
4212
4213
4214
4215
4216
4218
4222
4225
4226
4227
4229
4231
4232
4235
4237
4238
4239
4240
4241
4242
4243
4244
10711
10714
10715
10717
10721
10723
10724
10725
10727
10728
10731
10733
10734
10736
10738
10740
10741
10742
10745
10748
10750
10752
10753
10754
10755
10756
10757
10758
10760
10761
10762
10764
10765
10766
10767
10769
10771
10773
10774
10775
Exception Occurred
10778
10779
10784
10785
10786
10787
10789
10790
10792
10795
10798
10800
10804
10805
10808
10809
10811
10812
10817
10818
10819
10821
10824
10830
10832
10833
10837
10839
10840
10841
10842
10843
10850
10851
10856
10857
10858
10860
10862
10863
10866
10869
10871
10872
10873
10874
10875
10876
10877
10878
10884
10885
10886
10888
10890
10893
10894
10897
10898
10899
10902
10905
10907
10909
10910
10911
10913
10914
10915
10916
10917
10918
10919
10920
10922
10924
10925
10926
10928
10930
10936
10937
10938
10939
10947
10948
10951
10952
10955
10959
Exception Occurred
10964
10965
10968
10969
10970
10972
10974
10975
10976
10977
10978
10980
10983
10986
10987
10988
10989
10995
11581
11582
11588
11589
11590
11593
11595
11596
11597
11598
11601
11603
11606
11607
11614
11616
11618
11620
11621
11622
11623
11624
11625
11628
11629
11630
11632
11634
11635
11636
11637
11640
11643
11644
11647
11648
11651
11653
11654
11655
11657
11661
11663
11665
11667
11668
11670
11674
11678
11683
11686
11687
11688
11692
11693
11694
11697
11703
11706
11709
11711
11712
11713
11714
11715
11717
11719
11721
11725
11727
11728
11731
11734
11735
11740
11741
11742
11743
11744
11745
11747
11748
11749
11751
11756
11759
11760
11762
11763
11764
11766
11768
11771
11772
11774
11777
11778
Exception Occurred
11780
11781
11782
11783
11784
11787
11793
11794
11795
11796
11797
11798
11799
11800
11802
11805
11808
11809
11811
11812
11813
11817
11818
11821
11822
11823
11824
11830
11831
11834
11836
11837
11838
11841
11844
11846
11847
11848
11849
11850
11853
11859
11861
11864
11865
11867
11868
11869
Exception Occurred
11872
11876
11878
691
693
695
696
697
699
700
702
706
707
710
713
714
717
719
726
729
730
731
733
735
736
738
739
740
742
743
744
745
746
747
748
750
752
754
755
756
757
758
759
760
761
762
763
764
765
768
772
774
776
782
783
784
785
789
790
791
792
793
796
797
802
803
805
806
809
810
812
813
814
815
820
821
822
824
825
826
827
829
830
831
834
836
837
838
841
844
846
847
848
850
854
855
856
857
858
859
860
863
864
865
867
869
870
872
873
875
876
877
878
879
882
883
884
885
887
888
889
890
892
893
894
895
896
898
899
Exception Occurred
901
902
904
905
906
907
909
910
912
913
915
917
918
919
920
921
923
924
929
930
931
932
4481
4482
4483
4484
4486
4490
4491
4493
4494
4495
4496
4497
4499
4500
4501
4504
4509
4510
4512
4513
4515
4520
4521
4523
4524
4525
4526
4528
4530
4531
4532
4533
4534
4535
4536
4537
4538
4539
4540
4542
4543
4545
4547
4548
4549
4552
4555
4556
4557
4560
4564
4566
4567
4569
4570
4571
4574
4576
4577
4578
4580
4581
4582
4586
4587
4588
4590
4593
4594
4595
4596
4597
4598
4599
4600
4601
4602
4603
4605
4607
4608
4611
4612
4614
4615
4616
4617
4618
4622
4623
4624
4626
4627
4628
4630
4631
4632
4633
4634
4637
4638
4639
4642
4645
4646
4649
4650
4652
4653
4655
4657
4660
4665
4666
4668
4674
4677
4678
4679
4682
4688
4689
4691
4692
4693
4695
4697
4698
4699
4700
4701
4702
4703
4704
4705
4706
4708
4711
4712
4714
4715
4716
4717
4718
4719
4724
4727
4730
Exception Occurred
1417
1419
1420
1421
1423
1424
1428
1432
1433
1434
1435
1438
1439
1441
1442
1443
1444
1446
1447
1448
1449
1450
1452
1453
1454
1456
1458
1459
1460
Exception Occurred
1462
1465
1466
1468
1472
1473
1474
1477
1478
1479
1481
1484
1486
1489
1490
1493
1495
1497
1500
1501
1504
1505
1506
1507
1509
1510
1511
1516
1518
1519
1522
1523
1524
1525
1527
1528
1529
1530
1532
1533
1535
1537
1538
1539
1540
1541
1542
1543
1547
1548
1550
1551
1555
1558
1559
1561
1562
1563
1566
1567
1568
1569
1570
1571
1573
1574
1575
1579
1583
1585
1591
1592
1593
1594
1595
1596
1597
1598
1599
1600
1601
1603
1606
1607
1609
1610
1611
1612
1613
1617
1618
1621
1622
1623
1624
1625
1628
1630
1633
1634
1635
1636
1638
1640
1642
1643
1644
1645
1647
1648
1649
1650
1654
1656
1658
1661
1662
1663
1664
446
450
452
453
454
455
457
459
460
463
465
466
469
470
471
472
476
477
478
479
480
481
482
483
485
490
491
492
493
495
497
498
499
500
501
503
504
508
511
515
516
518
519
520
521
522
523
524
525
526
528
531
532
535
537
538
541
542
543
544
545
546
547
550
556
557
558
559
560
561
Exception Occurred
562
563
565
566
567
568
571
572
576
577
579
580
583
584
585
588
592
594
595
597
598
599
603
604
605
607
609
610
612
613
617
618
620
621
624
626
628
629
630
631
632
633
634
635
636
637
638
639
641
645
646
647
648
649
653
654
656
657
662
663
664
667
669
671
672
673
675
676
679
680
682
684
685
686
687
688
689
690
2469
2471
2473
2477
2478
2484
2486
2488
2492
2494
2495
2496
2498
2499
2505
2508
2509
2511
2517
2519
2520
2523
2527
2529
2530
2535
2536
2537
2538
2544
2547
2548
2549
2552
2554
2555
2556
2557
2558
2560
2564
2568
2569
2570
2571
2573
2576
2578
2581
Exception Occurred
2587
2588
2591
2592
2593
2595
2596
2597
2598
2599
2600
2602
2604
2607
2609
2614
2619
2620
2622
2624
2630
2633
2636
2637
2638
2639
2640
2641
2643
2644
2645
2648
2649
2650
2652
2653
2654
2655
2656
2657
2658
2659
2660
2661
2663
2665
2666
2667
2669
2671
2672
2673
2674
2676
2680
2684
2686
2689
2691
2692
2694
2695
2697
2698
2699
2700
2702
2704
2705
2706
2707
2708
2709
2710
2711
2713
2714
2715
2717
2718
2719
2721
2725
2728
2729
2731
2732
2733
2735
2736
2737
2739
2741
2742
2743
2745
2747
2748
2749
2751
2752
2753
Exception Occurred
2755
2758
2760
2762
2763
2764
2766
2767
2768
2769
2770
2771
2772
2773
2774
2775
2776
2779
2780
2783
2784
2785
2786
2787
2789
2790
2791
2795
2798
2800
2801
2802
2803
2804
2805
2807
2809
2810
2811
2813
2814
2815
2817
2818
2819
2821
2822
2825
2826
2829
2830
2832
2833
2835
2837
2839
2841
2842
2843
2845
2849
2850
2851
2852
2853
2854
2855
2856
2858
2863
2866
2867
2871
2872
2873
2874
2875
2878
2879
2881
2882
2883
2884
2886
2888
2890
2893
2894
2895
2896
2898
2899
2901
2902
2903
2904
2906
2911
2912
2913
2915
2916
2917
2918
2919
2920
2921
2922
2923
2924
2925
2927
2928
2929
2930
2931
2932
2936
2938
2942
2943
2944
2948
2950
2952
2956
2958
2959
2960
2961
2962
2963
2964
2965
2966
2969
2970
2971
2975
2981
2982
2985
2986
2987
2988
11005
11008
11012
11013
11015
11016
11018
11019
11021
11024
11026
11027
11028
11029
11034
11037
11040
11041
11044
11053
11054
11055
11056
11057
11058
11059
11061
11064
11066
11067
11068
11070
11072
11074
11075
11076
11077
11080
11082
11084
11085
11086
11088
11089
11092
11097
11099
11103
11107
11108
11109
11110
11115
11116
11119
11121
11122
Exception Occurred
11125
11128
11129
11131
11132
11133
11138
11140
11141
11142
11144
11150
11151
11152
11153
11154
11156
11157
11158
11162
11163
11164
11167
11168
11170
11171
11173
11174
11175
11177
11181
11182
11183
11185
11186
11189
11190
11192
11194
11195
11196
11197
11198
11199
11200
11202
11203
11206
11208
11209
11210
11214
11218
11220
11222
11224
11225
11228
11231
11233
11234
11236
11240
11241
11246
11247
11248
11250
11251
11252
11253
11254
11255
11256
11258
11259
11262
11263
11265
11266
11268
11269
11270
11271
11272
11273
11274
11276
11278
11280
11281
12513
12514
12515
12517
12519
12520
12522
12525
12537
12538
12541
12544
12545
12548
12549
12552
12553
12554
12555
12557
12558
12559
12561
12564
12569
12570
12572
12574
12579
12580
12581
12583
12584
12587
12588
12592
12593
12595
12596
12597
12599
12602
12603
12604
12606
12608
12612
12614
12618
12620
12622
12628
12630
12632
12636
12637
12638
12640
12641
12645
12647
12652
12653
12654
12655
12656
12658
12659
12661
12663
12664
12666
12667
12668
12669
12671
12672
12673
12675
12678
12679
12680
12681
12682
12686
12689
12690
12691
12692
12694
12695
12697
12698
12700
12702
12704
12706
12709
12711
12712
12713
12714
12716
12718
12722
12724
12726
12728
12732
12733
12734
12735
12741
12742
12743
12745
12747
12754
Exception Occurred
12756
12757
12758
12759
12760
12761
12763
12764
12766
12767
12768
12770
12771
12772
12773
12774
12777
12780
12781
12782
12783
12786
12787
12789
12790
12791
12793
12796
12800
12805
211
212
213
216
220
221
222
223
224
227
229
230
232
234
236
238
239
240
241
243
248
251
253
255
256
257
259
260
262
263
264
265
266
268
269
270
271
273
274
277
278
279
280
281
282
283
285
288
290
294
295
296
297
298
300
302
303
307
308
310
312
313
314
315
316
317
318
319
320
321
322
324
325
328
331
332
333
334
335
337
339
340
341
343
344
346
347
348
350
351
352
353
354
356
357
358
363
364
369
370
371
373
374
375
376
378
379
380
381
383
385
386
390
391
392
393
394
396
403
404
405
406
408
409
411
412
413
414
416
417
419
420
422
423
425
426
427
428
430
431
432
433
434
435
436
441
442
445
1922
1924
1925
1927
1928
1930
1931
1932
1933
1934
1937
1939
1940
1942
1943
1944
1946
1947
1949
1952
1954
1955
1957
1962
1964
1965
1966
1968
1970
1971
1973
1976
1977
1978
1979
1982
1985
1990
1992
1995
1996
1997
1998
2000
2001
2002
2004
2006
2007
2008
2009
2010
2011
2014
2015
2016
2017
2019
2020
2021
2023
2025
2026
2029
2031
2032
2033
2036
2039
2040
2041
2042
2043
2046
2050
2051
2052
2054
2056
2057
2060
2066
2070
2071
2074
2075
2076
2077
2081
2084
2085
2086
2088
2089
2091
2093
2098
2099
2100
2101
2102
2103
2106
2107
2108
2110
2112
2113
2115
2116
2120
2122
2123
2129
2130
2132
2133
2135
2136
2137
2139
2140
2141
2142
2144
2145
2146
2147
2148
2149
2152
2153
2155
2157
2158
2161
2163
2165
2166
2170
2172
2177
2179
2181
2183
2185
2190
2192
5443
5444
5445
5447
5449
5452
5454
5455
5457
5458
5459
5460
5462
5463
5464
5466
5467
5470
5472
5474
5475
5476
5477
5478
5480
5481
5484
5485
5486
5488
5489
5490
5491
5493
5494
5499
5500
5501
5502
5504
5505
5506
5507
5508
5510
5511
5512
5514
5515
5517
5518
5519
5521
5522
5524
5525
5526
5530
5531
5532
5533
5534
5535
5536
5537
5538
5539
5540
5541
5542
5543
5544
5545
5546
5547
5548
5549
5550
5553
5554
5556
5557
5558
5559
5561
5562
5563
5564
5565
5566
5569
5570
5573
5574
5576
5577
5579
5582
5583
5584
5585
5586
5588
5589
5590
5593
5594
5595
5596
5597
5599
5600
5601
5602
5603
5604
5605
5606
5607
5608
5609
5610
5611
5612
5615
5616
5617
5619
5620
5623
5624
5626
5628
5629
5631
5632
5634
5636
5637
5638
5639
5640
5641
5642
5645
5647
5648
5649
4979
4980
4981
4983
4985
4986
4987
4988
4989
4990
4991
4992
4994
4996
4999
5001
5002
5004
5006
5007
5008
5009
5010
5011
5012
5015
5016
5017
5019
5020
5021
5022
5023
5024
5026
5027
5029
5030
5032
5033
5034
5035
5037
5038
5039
5042
5043
5044
5045
5046
5047
5048
5049
5050
5051
5052
5054
5055
5056
5057
5061
5062
5063
5064
5065
5066
5068
5069
5070
5071
5072
5073
5077
5079
5080
5082
5083
5084
5087
5088
5090
5091
5092
5093
5094
5095
5096
5098
5100
5103
5111
5114
5115
5117
5118
5119
5120
5121
5123
5124
5125
5126
5127
5129
5130
5131
5132
5133
5135
5136
5138
5139
5140
5141
5142
5144
5146
5148
5149
5155
5156
5158
5159
5161
5163
5164
5165
5170
5171
5173
5174
5175
5176
5181
5182
5186
5187
5188
5189
5192
5193
5195
5196
5197
5200
5201
5204
5206
2990
2991
2993
2994
2996
2997
2999
3001
3002
3003
3004
3006
3008
3009
3010
3011
3012
3014
3015
3016
3018
3021
3022
3023
3025
3026
3027
3031
3032
3033
3034
3035
3036
3037
3038
3039
3040
3041
3042
3043
3045
3046
3049
3050
3051
3052
3053
3056
3057
3058
3060
3061
3062
3063
3065
3066
3067
3068
3069
3070
3071
3072
3073
3074
3075
3076
3077
3078
3079
3080
3081
3082
3083
3084
3085
3086
3087
3090
3091
3092
3093
3094
3095
3096
3098
3099
3100
3101
3102
3104
3105
3106
3107
3108
3109
3110
3113
3114
3115
3116
3117
3119
3121
3122
3125
3126
3130
3131
3132
3133
3135
3136
3137
3138
3139
3140
3145
3147
3148
3149
3150
3153
3154
3155
3156
3157
3159
3160
3161
3162
3163
3164
3165
3166
3167
3168
3171
3172
3174
3176
3179
3180
3181
3182
3183
3185
3187
3188
2193
2195
2196
2198
2201
2205
2207
2208
2209
2213
2215
2216
2217
2221
2222
2223
2224
2225
2231
2233
2235
2238
2239
2240
2241
2242
2243
2244
2245
2246
2247
2248
2250
2252
2253
2254
2255
2256
2257
2258
2260
2262
2264
2267
2268
2269
2271
2272
2273
2274
2278
2279
2281
2282
2283
2284
2286
2287
2289
2293
2297
2302
2305
2308
2310
2312
2313
2314
2316
2319
2321
2322
2325
2326
2327
2328
2331
2334
2336
2337
2338
2339
2341
2342
2344
2349
2354
2355
2357
2358
2360
2365
2366
2372
2373
2375
2378
2381
2385
2386
2389
2390
2391
2395
2396
2397
2398
2400
2401
2404
2405
2409
2410
2412
2413
2414
2418
2420
2421
2422
2423
2425
2426
2427
2429
2430
2431
2432
2434
2435
2440
2441
2442
2443
2444
2445
2450
2452
2454
2455
2458
2459
2460
2461
2462
2463
2464
2465
5208
5210
5212
5215
5216
5217
5219
5220
5221
5222
5224
5225
5227
5229
5231
5232
5233
5235
5236
5241
5242
5243
5244
5245
5246
5247
5248
5249
5250
5252
5253
5257
5258
5260
5264
5266
5267
5270
5271
5272
5275
5276
5278
5280
5281
5282
5284
5286
5287
5289
5290
5291
5292
5295
5296
5297
5298
5299
5301
5302
5303
5305
5306
5307
5308
5311
5312
5313
5316
5318
5320
5321
5323
5324
5325
5326
5328
5329
5338
5339
5340
5342
5343
5344
5345
5347
5351
5352
5353
5355
5356
5357
5358
5359
5363
5364
5365
5366
5370
5371
5374
5375
5376
5377
5379
5380
5381
5383
5384
5385
5386
5387
5389
5390
5392
5393
5395
5397
5398
5399
5404
5406
5408
5409
5410
5411
5413
5415
5416
5418
5419
5420
5421
5422
5424
5425
5426
5427
5429
5431
5432
5434
5435
5436
5439
5440
5441
5442
3190
3191
3192
3193
3194
3195
3196
3197
3198
3199
3202
3204
3205
3206
3207
3208
3209
3210
3211
3212
3213
3214
3215
3216
3217
3218
3219
3220
3221
3222
3224
3225
3226
3227
3228
3229
3230
3231
3232
3234
3235
3236
3237
3238
3239
3240
3242
3243
3246
3248
3250
3251
3252
3253
3254
3258
3259
3260
3262
3263
3264
3266
3267
3268
3270
3273
3274
3275
3276
3277
3278
3280
3281
3282
3284
3285
3286
3289
3290
3291
3293
3294
3295
3296
3297
3298
3300
3301
3302
3303
3304
3306
3307
3308
3309
3310
3312
3313
3314
3315
3316
3317
3319
3320
3321
3322
3323
3326
3327
3328
3329
3332
3333
3335
3336
3337
3338
3339
3340
3341
3342
3344
3346
3347
3349
3350
3352
3353
3356
3357
3359
3361
3362
3363
3364
3366
3367
3369
3370
3371
3374
3376
3378
3379
3380
3383
3384
3385
5650
5651
5653
5654
5655
5657
5658
5659
5660
5662
5663
5664
5665
5666
5668
5669
5671
5672
5673
5675
5678
5679
5680
5682
5683
5685
5686
5688
5690
5691
5692
5693
5695
5696
5697
5698
5699
5700
5701
5702
5703
5704
5705
5706
5708
5709
5713
5714
5715
5717
5718
5719
5722
5729
5732
5733
5734
5735
5737
5738
5739
5740
5741
5742
5743
5744
5747
5748
5749
5751
5752
5753
5754
5755
5756
5757
5759
5760
5761
5762
5763
5766
5767
5769
5771
5772
5775
5776
5777
5778
5779
5780
5784
5788
5789
5791
5792
5794
5795
5796
5798
5799
5800
5804
5807
5808
5810
5811
5812
5813
5815
5816
5817
5819
5820
5821
5824
5825
5826
5827
5828
5830
5832
5833
5834
5835
5837
5838
5841
5842
5844
5845
5846
5847
5850
5851
5852
5853
5854
5857
5858
5860
5862
5864
5865
5866
5868
5869
4245
4247
4251
4252
4253
4254
4255
4256
4258
4259
4260
4262
4264
4267
4268
4270
4271
4272
4275
4276
4277
4278
4279
4281
4284
4287
4288
4289
4290
4292
4294
4295
4296
4299
4300
4301
4303
4304
4305
4306
4307
4308
4309
4311
4312
4313
4314
4315
4317
4318
4319
4320
4323
4325
4326
4327
4328
4329
4330
4331
4332
4333
4335
4338
4339
4342
4343
4344
4348
4350
4351
4352
4354
4355
4357
4358
4359
4360
4362
4364
4365
4366
4367
4370
4371
4372
4376
4378
4380
4383
4385
4387
4392
4393
4397
4398
4400
4402
4404
4405
4406
4407
4408
4410
4411
4414
4415
4416
4417
4420
4422
4423
4424
4425
4427
4431
4432
4433
4434
4437
4438
4439
4440
4442
4443
4444
4445
4447
4449
4453
4454
4455
4456
4457
4459
4460
4461
4463
4464
4466
4471
4472
4473
4474
4475
4477
4479
4480
3828
3829
3831
3834
3836
3837
3838
3839
3840
3841
3842
3843
3845
3847
3848
3849
3850
3851
3852
3855
3856
3858
3859
3860
3861
3862
3863
3864
3865
3866
3867
3868
3870
3871
3873
3874
3876
3877
3878
3880
3881
3882
3883
3884
3886
3887
3888
3890
3891
3892
3893
3894
3895
3897
3898
3899
3900
3902
3903
3904
3905
3907
3908
3909
3910
3912
3913
3914
3916
3917
3918
3919
3921
3922
3923
3925
3926
3928
3929
3930
3932
3933
3934
3935
3936
3937
3938
3943
3944
3945
3946
3947
3950
3951
3954
3955
3957
3958
3959
3960
3961
3962
3963
3965
3966
3968
3969
3970
3971
3972
3973
3974
3975
3977
3980
3981
3982
3983
3984
3985
3986
3987
3988
3989
3991
3992
3993
3994
3995
3996
3997
3998
4000
4001
4002
4003
4004
4005
4006
4008
4009
4010
4012
4013
4014
4015
4016
4017
6096
6097
6098
6099
6100
6101
6102
6105
6107
6108
6109
6110
6111
6113
6114
6115
6117
6119
6120
6121
6122
6123
6125
6126
6128
6130
6131
6132
6133
6134
6135
6136
6137
6138
6143
6144
6145
6147
6148
6151
6152
6155
6156
6157
6159
6160
6161
6163
6164
6166
6167
6168
6170
6171
6172
6173
6174
6175
6176
6177
6178
6179
6180
6182
6183
6185
6188
6191
6192
6194
6195
6196
6198
6199
6200
6201
6202
6204
6205
6206
6208
6209
6210
6211
6214
6215
6216
6219
6220
6221
6222
6224
6225
6226
6227
6228
6229
6230
6233
6234
6235
6236
6237
6238
6242
6243
6244
6245
6247
6252
6253
6254
6255
6257
6259
6260
6262
6264
6265
6268
6269
6270
6272
6275
6278
6279
6281
6283
6284
6285
6286
6288
6290
6296
6297
6298
6301
6302
6303
6304
6305
6308
6309
6310
6311
6313
6314
6315
5871
5873
5874
5876
5877
5878
5879
5880
5882
5884
5886
5887
5888
5891
5894
5897
5899
5901
5902
5903
5904
5905
5906
5907
5908
5909
5910
5912
5913
5914
5916
5917
5918
5921
5922
5924
5925
5926
5927
5928
5929
5931
5932
5933
5934
5935
5936
5938
5939
5940
5942
5943
5945
5946
5947
5949
5950
5951
5952
5953
5954
5955
5957
5958
5959
5960
5961
5962
5963
5964
5966
5967
5968
5969
5970
5971
5972
5973
5974
5975
5976
5979
5980
5981
5982
5983
5988
5991
5994
5995
6000
6001
6005
6006
6007
6008
6010
6011
6014
6015
6016
6017
6019
6020
6022
6023
6024
6026
6027
6029
6031
6032
6036
6037
6039
6042
6043
6044
6045
6047
6048
6049
6050
6052
6053
6054
6055
6056
6058
6062
6064
6065
6066
6068
6070
6073
6074
6076
6077
6078
6080
6081
6084
6085
6086
6089
6090
6092
4731
4732
4733
4734
4737
4738
4740
4743
4746
4747
4748
4751
4752
4753
4754
4758
4759
4760
4761
4762
4763
4765
4767
4768
4769
4770
4771
4772
4774
4775
4778
4779
4781
4782
4783
4784
4785
4787
4788
4789
4792
4795
4796
4797
4799
4801
4802
4806
4808
4812
4813
4817
4821
4822
4825
4826
4827
4828
4829
4830
4831
4832
4834
4836
4838
4839
4840
4841
4842
4844
4848
4850
4851
4853
4858
4860
4861
4872
4873
4874
4876
4877
4878
4879
4880
4882
4883
4886
4887
4888
4889
4890
4892
4894
4895
4897
4898
4899
4900
4901
4902
4903
4907
4908
4911
4912
4913
4914
4916
4919
4921
4922
4923
4925
4926
4930
4931
4932
4934
4936
4937
4940
4941
4943
4944
4945
4946
4947
4948
4950
4951
4952
4953
4954
4955
4956
4959
4961
4963
4966
4967
4970
4971
4972
4973
4975
4977
4978
