1
Exception Occurred
4
Exception Occurred
8
11
12
13
Exception Occurred
14
16
17
Exception Occurred
20
21
Exception Occurred
22
24
25
26
Exception Occurred
27
29
31
33
34
35
36
37
38
39
40
41
43
44
Exception Occurred
46
47
48
Exception Occurred
49
51
52
Exception Occurred
53
54
55
Exception Occurred
56
Exception Occurred
57
59
Exception Occurred
60
62
66
67
68
69
Exception Occurred
71
Exception Occurred
72
73
Exception Occurred
74
Exception Occurred
75
77
79
80
81
Exception Occurred
85
86
Exception Occurred
87
Exception Occurred
90
91
Exception Occurred
92
93
Exception Occurred
94
95
96
98
Exception Occurred
99
Exception Occurred
100
103
Exception Occurred
104
105
106
107
Exception Occurred
109
Exception Occurred
110
111
Exception Occurred
112
113
114
115
118
Exception Occurred
119
122
123
125
126
127
130
131
132
133
135
Exception Occurred
136
137
138
Exception Occurred
140
Exception Occurred
142
143
146
147
148
Exception Occurred
149
150
154
155
156
157
Exception Occurred
158
160
162
164
165
166
167
169
170
Exception Occurred
172
173
175
176
179
181
182
183
184
185
187
188
189
190
Exception Occurred
192
193
194
195
196
197
198
199
200
201
202
203
204
205
207
Exception Occurred
209
210
211
212
213
216
220
221
222
223
224
227
229
230
232
234
236
238
239
240
241
243
248
251
253
255
256
257
259
260
262
263
264
265
266
268
269
270
271
273
274
277
278
279
280
281
282
283
285
288
290
294
295
296
297
298
300
302
303
307
308
310
312
313
314
315
316
317
318
319
320
321
322
324
325
328
331
332
333
334
335
337
339
340
341
343
344
346
347
348
350
351
352
353
354
356
357
358
363
364
369
370
371
373
374
375
376
378
379
380
381
383
385
386
390
391
392
393
394
396
403
404
405
406
408
409
411
412
413
414
416
417
419
420
422
423
425
426
427
428
430
431
432
433
434
435
436
441
442
445
446
450
452
453
454
455
457
459
460
463
465
466
469
470
471
472
476
477
478
479
480
481
482
483
485
490
491
492
493
495
497
498
499
500
501
503
504
508
511
515
516
518
519
520
521
522
523
524
525
526
528
531
532
535
537
538
541
542
543
544
545
546
547
550
556
557
558
559
560
561
Exception Occurred
562
563
565
566
567
568
571
572
576
577
579
580
583
584
585
588
592
594
595
597
598
599
603
604
605
607
609
610
612
613
617
618
620
621
624
626
628
629
630
631
632
633
634
635
636
637
638
639
641
645
646
647
648
649
653
654
656
657
662
663
664
667
669
671
672
673
675
676
679
680
682
684
685
686
687
688
689
690
691
693
695
696
697
699
700
702
706
707
710
713
714
717
719
726
729
730
731
733
735
736
738
739
740
742
743
744
745
746
747
748
750
752
754
755
756
757
758
759
760
761
762
763
764
765
768
772
774
776
782
783
784
785
789
790
791
792
793
796
797
802
803
805
806
809
810
812
813
814
815
820
821
822
824
825
826
827
829
830
831
834
836
837
838
841
844
846
847
848
850
854
855
856
857
858
859
860
863
864
865
867
869
870
872
873
875
876
877
878
879
882
883
884
885
887
888
889
890
892
893
894
895
896
898
899
Exception Occurred
901
902
904
905
906
907
909
910
912
913
915
917
918
919
920
921
923
924
929
930
931
932
934
935
937
938
940
941
942
944
945
946
947
948
951
954
955
957
961
963
964
965
968
969
971
973
974
975
977
979
982
985
987
989
990
Exception Occurred
991
992
993
995
996
997
998
999
1000
1001
1003
1005
1006
1007
1009
1010
1011
1012
1014
1015
1016
1017
1018
1019
1021
1022
1023
1024
1025
1026
1029
1030
1031
1032
1033
1038
1039
1040
1041
1042
1043
1046
1047
1048
1049
Exception Occurred
1050
1051
1055
1059
1061
1062
1065
1068
1071
1073
1074
1077
1079
1080
1081
1082
1086
1087
1088
1089
1090
1091
1093
1095
1098
1099
1103
1104
1105
1108
1109
1110
1112
1114
1115
1117
1120
1121
1122
1123
1126
1127
1129
1130
1132
1133
1134
1136
1137
1138
1142
1143
1144
1145
1146
1147
1148
1149
1150
1151
1155
1156
1157
1159
1160
1162
1163
1164
1165
1167
1168
1169
1172
1173
1174
1175
1176
1177
1178
1180
1181
1183
1185
1186
Exception Occurred
1190
1191
1193
1194
1195
1198
1201
1202
1204
1206
1208
1210
1211
1212
1213
1216
1217
1218
1220
1221
1225
1227
1228
1229
1231
1232
1234
1236
1238
1239
1241
1242
1246
1248
1249
1253
1254
1257
1258
1260
1261
1264
1265
1266
1268
1269
1270
1271
1272
1274
1275
1277
1280
1281
1282
1283
1284
1285
1286
1287
1288
Exception Occurred
1290
1291
1292
1293
1294
1295
1297
1298
1301
1302
1307
1308
1309
1311
1320
1321
1322
1323
1325
1326
1328
1330
1332
1333
1334
1336
1338
1339
1342
1344
1345
1346
1347
1350
1352
1354
1355
1356
1357
1359
1360
1362
1363
1364
1365
1366
1367
1368
1369
1372
1373
1375
1376
1377
1378
1379
1383
1384
1385
1387
1388
1391
1392
1394
1395
1399
1402
1405
1407
1408
1409
1410
1415
1417
1419
1420
1421
1423
1424
1428
1432
1433
1434
1435
1438
1439
1441
1442
1443
1444
1446
1447
1448
1449
1450
1452
1453
1454
1456
1458
1459
1460
Exception Occurred
1462
1465
1466
1468
1472
1473
1474
1477
1478
1479
1481
1484
1486
1489
1490
1493
1495
1497
1500
1501
1504
1505
1506
1507
1509
1510
1511
1516
1518
1519
1522
1523
1524
1525
1527
1528
1529
1530
1532
1533
1535
1537
1538
1539
1540
1541
1542
1543
1547
1548
1550
1551
1555
1558
1559
1561
1562
1563
1566
1567
1568
1569
1570
1571
1573
1574
1575
1579
1583
1585
1591
1592
1593
1594
1595
1596
1597
1598
1599
1600
1601
1603
1606
1607
1609
1610
1611
1612
1613
1617
1618
1621
1622
1623
1624
1625
1628
1630
1633
1634
1635
1636
1638
1640
1642
1643
1644
1645
1647
1648
1649
1650
1654
1656
1658
1661
1662
1663
1664
1665
1670
1671
1672
1673
1675
1676
1678
1679
1683
1685
1686
1689
1690
1693
1696
1698
1700
1701
1703
1705
1711
1712
Exception Occurred
1713
1715
1716
1717
1721
1723
1725
1726
1727
1728
1731
1732
1733
1734
1736
1737
1738
1739
1744
1746
1747
1749
1750
1751
1755
1756
1758
1759
1760
1761
1763
1766
1767
1770
1771
Exception Occurred
1773
1774
1777
1778
1780
1781
1783
1785
1786
1787
1788
1790
1795
1797
1800
1801
1802
1803
1804
1806
1807
1809
1810
1811
1815
1817
1818
1819
1821
1822
1823
1824
1825
1827
1830
1831
1832
1833
1834
1837
1838
1839
1840
1842
1843
1844
1845
1846
1848
1850
1851
1852
1853
1854
1855
1857
1858
1860
1861
1862
1863
1865
1869
1871
1872
1873
1874
1875
1876
1880
1882
1884
1886
1888
1892
1893
1894
1895
1896
1899
1900
1904
1905
1906
1907
1909
1918
1919
1920
1921
1922
1924
1925
1927
1928
1930
1931
1932
1933
1934
1937
1939
1940
1942
1943
1944
1946
1947
1949
1952
1954
1955
1957
1962
1964
1965
1966
1968
1970
1971
1973
1976
1977
1978
1979
1982
1985
1990
1992
1995
1996
1997
1998
2000
2001
2002
2004
2006
2007
2008
2009
2010
2011
2014
2015
2016
2017
2019
2020
2021
2023
2025
2026
2029
2031
2032
2033
2036
2039
2040
2041
2042
2043
2046
2050
2051
2052
2054
2056
2057
2060
2066
2070
2071
2074
2075
2076
2077
2081
2084
2085
2086
2088
2089
2091
2093
2098
2099
2100
2101
2102
2103
2106
2107
2108
2110
2112
2113
2115
2116
2120
2122
2123
2129
2130
2132
2133
2135
2136
2137
2139
2140
2141
2142
2144
2145
2146
2147
2148
2149
2152
2153
2155
2157
2158
2161
2163
2165
2166
2170
2172
2177
2179
2181
2183
2185
2190
2192
2193
2195
2196
2198
2201
2205
2207
2208
2209
2213
2215
2216
2217
2221
2222
2223
2224
2225
2231
2233
2235
2238
2239
2240
2241
2242
2243
2244
2245
2246
2247
2248
2250
2252
2253
2254
2255
2256
2257
2258
2260
2262
2264
2267
2268
2269
2271
2272
2273
2274
2278
2279
2281
2282
2283
2284
2286
2287
2289
2293
2297
2302
2305
2308
2310
2312
2313
2314
2316
2319
2321
2322
2325
2326
2327
2328
2331
2334
2336
2337
2338
2339
2341
2342
2344
2349
2354
2355
2357
2358
2360
2365
2366
2372
2373
2375
2378
2381
2385
2386
2389
2390
2391
2395
2396
2397
2398
2400
2401
2404
2405
2409
2410
2412
2413
2414
2418
2420
2421
2422
2423
2425
2426
2427
2429
2430
2431
2432
2434
2435
2440
2441
2442
2443
2444
2445
2450
2452
2454
2455
2458
2459
2460
2461
2462
2463
2464
2465
2469
2471
2473
2477
2478
2484
2486
2488
2492
2494
2495
2496
2498
2499
2505
2508
2509
2511
2517
2519
2520
2523
2527
2529
2530
2535
2536
2537
2538
2544
2547
2548
2549
2552
2554
2555
2556
2557
2558
2560
2564
2568
2569
2570
2571
2573
2576
2578
2581
Exception Occurred
2587
2588
2591
2592
2593
2595
2596
2597
2598
2599
2600
2602
2604
2607
2609
2614
2619
2620
2622
2624
2630
2633
2636
2637
2638
2639
2640
2641
2643
2644
2645
2648
2649
2650
2652
2653
2654
2655
2656
2657
2658
2659
2660
2661
2663
2665
2666
2667
2669
2671
2672
2673
2674
2676
2680
2684
2686
2689
2691
2692
2694
2695
2697
2698
2699
2700
2702
2704
2705
2706
2707
2708
2709
2710
2711
2713
2714
2715
2717
2718
2719
2721
2725
2728
2729
2731
2732
2733
2735
2736
2737
2739
2741
2742
2743
2745
2747
2748
2749
2751
2752
2753
Exception Occurred
2755
2758
2760
2762
2763
2764
2766
2767
2768
2769
2770
2771
2772
2773
2774
2775
2776
2779
2780
2783
2784
2785
2786
2787
2789
2790
2791
2795
2798
2800
2801
2802
2803
2804
2805
2807
2809
2810
2811
2813
2814
2815
2817
2818
2819
2821
2822
2825
2826
2829
2830
2832
2833
2835
2837
2839
2841
2842
2843
2845
2849
2850
2851
2852
2853
2854
2855
2856
2858
2863
2866
2867
2871
2872
2873
2874
2875
2878
2879
2881
2882
2883
2884
2886
2888
2890
2893
2894
2895
2896
2898
2899
2901
2902
2903
2904
2906
2911
2912
2913
2915
2916
2917
2918
2919
2920
2921
2922
2923
2924
2925
2927
2928
2929
2930
2931
2932
2936
2938
2942
2943
2944
2948
2950
2952
2956
2958
2959
2960
2961
2962
2963
2964
2965
2966
2969
2970
2971
2975
2981
2982
2985
2986
2987
2988
2990
2991
2993
2994
2996
2997
2999
3001
3002
3003
3004
3006
3008
3009
3010
3011
3012
3014
3015
3016
3018
3021
3022
3023
3025
3026
3027
3031
3032
3033
3034
3035
3036
3037
3038
3039
3040
3041
3042
3043
3045
3046
3049
3050
3051
3052
3053
3056
3057
3058
3060
3061
3062
3063
3065
3066
3067
3068
3069
3070
3071
3072
3073
3074
3075
3076
3077
3078
3079
3080
3081
3082
3083
3084
3085
3086
3087
3090
3091
3092
3093
3094
3095
3096
3098
3099
3100
3101
3102
3104
3105
3106
3107
3108
3109
3110
3113
3114
3115
3116
3117
3119
3121
3122
3125
3126
3130
3131
3132
3133
3135
3136
3137
3138
3139
3140
3145
3147
3148
3149
3150
3153
3154
3155
3156
3157
3159
3160
3161
3162
3163
3164
3165
3166
3167
3168
3171
3172
3174
3176
3179
3180
3181
3182
3183
3185
3187
3188
3190
3191
3192
3193
3194
3195
3196
3197
3198
3199
3202
3204
3205
3206
3207
3208
3209
3210
3211
3212
3213
3214
3215
3216
3217
3218
3219
3220
3221
3222
3224
3225
3226
3227
3228
3229
3230
3231
3232
3234
3235
3236
3237
3238
3239
3240
3242
3243
3246
3248
3250
3251
3252
3253
3254
3258
3259
3260
3262
3263
3264
3266
3267
3268
3270
3273
3274
3275
3276
3277
3278
3280
3281
3282
3284
3285
3286
3289
3290
3291
3293
3294
3295
3296
3297
3298
3300
3301
3302
3303
3304
3306
3307
3308
3309
3310
3312
3313
3314
3315
3316
3317
3319
3320
3321
3322
3323
3326
3327
3328
3329
3332
3333
3335
3336
3337
3338
3339
3340
3341
3342
3344
3346
3347
3349
3350
3352
3353
3356
3357
3359
3361
3362
3363
3364
3366
3367
3369
3370
3371
3374
3376
3378
3379
3380
3383
3384
3385
3389
3390
3392
3394
3395
3401
3403
3404
3405
3407
3408
3410
3411
3412
3414
3416
3417
3418
3419
Exception Occurred
3420
3422
3423
3424
3425
3427
3428
3430
3431
3432
3433
3434
3435
3438
3439
3440
3441
3444
3446
3447
3448
3449
3450
3454
3455
3456
3457
3458
3459
3462
3463
3465
3466
3467
3468
3471
3474
3475
3476
3479
3481
3482
3484
3485
3486
3487
3488
3489
3491
3492
3493
3495
3496
3497
3498
3499
3500
3501
3503
Exception Occurred
3505
3508
3511
3512
3513
3514
3515
3516
3518
3520
3522
3525
3527
3530
3531
3533
3534
3535
3536
3537
3540
3541
3542
3543
3544
3545
3546
3547
3548
3550
3552
3557
3558
3559
3562
3563
3565
3566
3567
3570
3571
3573
3574
3575
3576
3577
3578
3579
3580
3581
3582
3583
3584
3585
3586
3587
3590
3591
3592
3594
3599
3605
3607
3608
3611
3612
3621
3623
3625
3626
3628
3634
3638
3640
3641
3642
3644
3646
3648
3650
3651
3652
3654
3655
3656
3657
3658
3660
3662
Exception Occurred
3663
3664
3665
3666
3667
3668
3669
3671
3672
3673
3674
3675
3676
3677
3678
3679
3681
3682
3683
3685
3686
3687
3689
3690
3691
3692
3693
3694
3695
3696
3697
3698
3699
3701
3702
3704
3705
3706
3707
3708
3709
3710
3711
3712
3713
3714
3715
3716
3717
3719
3721
3722
3725
3727
3729
3730
3731
3732
3733
3734
3736
3737
3738
3740
3741
3743
3744
3745
3746
3748
3750
3751
3753
3754
3756
3757
3758
3761
3762
3763
3764
3765
3766
3767
3768
3769
3771
3772
3773
3774
3775
3776
3777
3778
3779
3780
3781
3783
3786
3787
3788
3789
3790
3791
3793
3794
3796
3797
3798
3800
3801
3802
3803
3804
3805
3806
3808
3813
3814
3815
3816
3817
3818
3820
Exception Occurred
3823
3824
3825
3826
3827
3828
3829
3831
3834
3836
3837
3838
3839
3840
3841
3842
3843
3845
3847
3848
3849
3850
3851
3852
3855
3856
3858
3859
3860
3861
3862
3863
3864
3865
3866
3867
3868
3870
3871
3873
3874
3876
3877
3878
3880
3881
3882
3883
3884
3886
3887
3888
3890
3891
3892
3893
3894
3895
3897
3898
3899
3900
3902
3903
3904
3905
3907
3908
3909
3910
3912
3913
3914
3916
3917
3918
3919
3921
3922
3923
3925
3926
3928
3929
3930
3932
3933
3934
3935
3936
3937
3938
3943
3944
3945
3946
3947
3950
3951
3954
3955
3957
3958
3959
3960
3961
3962
3963
3965
3966
3968
3969
3970
3971
3972
3973
3974
3975
3977
3980
3981
3982
3983
3984
3985
3986
3987
3988
3989
3991
3992
3993
3994
3995
3996
3997
3998
4000
4001
4002
4003
4004
4005
4006
4008
4009
4010
4012
4013
4014
4015
4016
4017
4018
4019
4022
4023
4028
4029
4030
4031
4033
4034
4037
4039
4040
4045
4048
4049
4054
4057
4058
Exception Occurred
4060
4061
4062
4065
4066
4071
4072
4073
4076
4077
4078
4080
4082
4083
4085
4086
4087
4089
4090
4091
4092
4095
4097
4099
4100
4101
4102
4103
4104
4106
4107
4108
4109
4110
4113
4114
4115
4117
4118
4119
4120
4122
4123
4124
4125
4126
4127
4128
Exception Occurred
4129
4130
4131
4133
4135
4136
4137
4138
4139
4140
4141
4142
4144
4148
4149
4150
4152
4153
4154
4155
4157
4159
4161
4163
4164
4165
4167
4168
4169
4170
4171
4172
4173
4174
4176
4177
4178
4179
4180
4182
4184
4186
4188
4189
4190
4191
4192
4193
4194
4196
4197
4198
4199
4205
4206
4207
4208
4209
4211
4212
4213
4214
4215
4216
4218
4222
4225
4226
4227
4229
4231
4232
4235
4237
4238
4239
4240
4241
4242
4243
4244
4245
4247
4251
4252
4253
4254
4255
4256
4258
4259
4260
4262
4264
4267
4268
4270
4271
4272
4275
4276
4277
4278
4279
4281
4284
4287
4288
4289
4290
4292
4294
4295
4296
4299
4300
4301
4303
4304
4305
4306
4307
4308
4309
4311
4312
4313
4314
4315
4317
4318
4319
4320
4323
4325
4326
4327
4328
4329
4330
4331
4332
4333
4335
4338
4339
4342
4343
4344
4348
4350
4351
4352
4354
4355
4357
4358
4359
4360
4362
4364
4365
4366
4367
4370
4371
4372
4376
4378
4380
4383
4385
4387
4392
4393
4397
4398
4400
4402
4404
4405
4406
4407
4408
4410
4411
4414
4415
4416
4417
4420
4422
4423
4424
4425
4427
4431
4432
4433
4434
4437
4438
4439
4440
4442
4443
4444
4445
4447
4449
4453
4454
4455
4456
4457
4459
4460
4461
4463
4464
4466
4471
4472
4473
4474
4475
4477
4479
4480
4481
4482
4483
4484
4486
4490
4491
4493
4494
4495
4496
4497
4499
4500
4501
4504
4509
4510
4512
4513
4515
4520
4521
4523
4524
4525
4526
4528
4530
4531
4532
4533
4534
4535
4536
4537
4538
4539
4540
4542
4543
4545
4547
4548
4549
4552
4555
4556
4557
4560
4564
4566
4567
4569
4570
4571
4574
4576
4577
4578
4580
4581
4582
4586
4587
4588
4590
4593
4594
4595
4596
4597
4598
4599
4600
4601
4602
4603
4605
4607
4608
4611
4612
4614
4615
4616
4617
4618
4622
4623
4624
4626
4627
4628
4630
4631
4632
4633
4634
4637
4638
4639
4642
4645
4646
4649
4650
4652
4653
4655
4657
4660
4665
4666
4668
4674
4677
4678
4679
4682
4688
4689
4691
4692
4693
4695
4697
4698
4699
4700
4701
4702
4703
4704
4705
4706
4708
4711
4712
4714
4715
4716
4717
4718
4719
4724
4727
4730
Exception Occurred
4731
4732
4733
4734
4737
4738
4740
4743
4746
4747
4748
4751
4752
4753
4754
4758
4759
4760
4761
4762
4763
4765
4767
4768
4769
4770
4771
4772
4774
4775
4778
4779
4781
4782
4783
4784
4785
4787
4788
4789
4792
4795
4796
4797
4799
4801
4802
4806
4808
4812
4813
4817
4821
4822
4825
4826
4827
4828
4829
4830
4831
4832
4834
4836
4838
4839
4840
4841
4842
4844
4848
4850
4851
4853
4858
4860
4861
4872
4873
4874
4876
4877
4878
4879
4880
4882
4883
4886
4887
4888
4889
4890
4892
4894
4895
4897
4898
4899
4900
4901
4902
4903
4907
4908
4911
4912
4913
4914
4916
4919
4921
4922
4923
4925
4926
4930
4931
4932
4934
4936
4937
4940
4941
4943
4944
4945
4946
4947
4948
4950
4951
4952
4953
4954
4955
4956
4959
4961
4963
4966
4967
4970
4971
4972
4973
4975
4977
4978
4979
4980
4981
4983
4985
4986
4987
4988
4989
4990
4991
4992
4994
4996
4999
5001
5002
5004
5006
5007
5008
5009
5010
5011
5012
5015
5016
5017
5019
5020
5021
5022
5023
5024
5026
5027
5029
5030
5032
5033
5034
5035
5037
5038
5039
5042
5043
5044
5045
5046
5047
5048
5049
5050
5051
5052
5054
5055
5056
5057
5061
5062
5063
5064
5065
5066
5068
5069
5070
5071
5072
5073
5077
5079
5080
5082
5083
5084
5087
5088
5090
5091
5092
5093
5094
5095
5096
5098
5100
5103
5111
5114
5115
5117
5118
5119
5120
5121
5123
5124
5125
5126
5127
5129
5130
5131
5132
5133
5135
5136
5138
5139
5140
5141
5142
5144
5146
5148
5149
5155
5156
5158
5159
5161
5163
5164
5165
5170
5171
5173
5174
5175
5176
5181
5182
5186
5187
5188
5189
5192
5193
5195
5196
5197
5200
5201
5204
5206
5208
5210
5212
5215
5216
5217
5219
5220
5221
5222
5224
5225
5227
5229
5231
5232
5233
5235
5236
5241
5242
5243
5244
5245
5246
5247
5248
5249
5250
5252
5253
5257
5258
5260
5264
5266
5267
5270
5271
5272
5275
5276
5278
5280
5281
5282
5284
5286
5287
5289
5290
5291
5292
5295
5296
5297
5298
5299
5301
5302
5303
5305
5306
5307
5308
5311
5312
5313
5316
5318
5320
5321
5323
5324
5325
5326
5328
5329
5338
5339
5340
5342
5343
5344
5345
5347
5351
5352
5353
5355
5356
5357
5358
5359
5363
5364
5365
5366
5370
5371
5374
5375
5376
5377
5379
5380
5381
5383
5384
5385
5386
5387
5389
5390
5392
5393
5395
5397
5398
5399
5404
5406
5408
5409
5410
5411
5413
5415
5416
5418
5419
5420
5421
5422
5424
5425
5426
5427
5429
5431
5432
5434
5435
5436
5439
5440
5441
5442
5443
5444
5445
5447
5449
5452
5454
5455
5457
5458
5459
5460
5462
5463
5464
5466
5467
5470
5472
5474
5475
5476
5477
5478
5480
5481
5484
5485
5486
5488
5489
5490
5491
5493
5494
5499
5500
5501
5502
5504
5505
5506
5507
5508
5510
5511
5512
5514
5515
5517
5518
5519
5521
5522
5524
5525
5526
5530
5531
5532
5533
5534
5535
5536
5537
5538
5539
5540
5541
5542
5543
5544
5545
5546
5547
5548
5549
5550
5553
5554
5556
5557
5558
5559
5561
5562
5563
5564
5565
5566
5569
5570
5573
5574
5576
5577
5579
5582
5583
5584
5585
5586
5588
5589
5590
5593
5594
5595
5596
5597
5599
5600
5601
5602
5603
5604
5605
5606
5607
5608
5609
5610
5611
5612
5615
5616
5617
5619
5620
5623
5624
5626
5628
5629
5631
5632
5634
5636
5637
5638
5639
5640
5641
5642
5645
5647
5648
5649
5650
5651
5653
5654
5655
5657
5658
5659
5660
5662
5663
5664
5665
5666
5668
5669
5671
5672
5673
5675
5678
5679
5680
5682
5683
5685
5686
5688
5690
5691
5692
5693
5695
5696
5697
5698
5699
5700
5701
5702
5703
5704
5705
5706
5708
5709
5713
5714
5715
5717
5718
5719
5722
5729
5732
5733
5734
5735
5737
5738
5739
5740
5741
5742
5743
5744
5747
5748
5749
5751
5752
5753
5754
5755
5756
5757
5759
5760
5761
5762
5763
5766
5767
5769
5771
5772
5775
5776
5777
5778
5779
5780
5784
5788
5789
5791
5792
5794
5795
5796
5798
5799
5800
5804
5807
5808
5810
5811
5812
5813
5815
5816
5817
5819
5820
5821
5824
5825
5826
5827
5828
5830
5832
5833
5834
5835
5837
5838
5841
5842
5844
5845
5846
5847
5850
5851
5852
5853
5854
5857
5858
5860
5862
5864
5865
5866
5868
5869
5871
5873
5874
5876
5877
5878
5879
5880
5882
5884
5886
5887
5888
5891
5894
5897
5899
5901
5902
5903
5904
5905
5906
5907
5908
5909
5910
5912
5913
5914
5916
5917
5918
5921
5922
5924
5925
5926
5927
5928
5929
5931
5932
5933
5934
5935
5936
5938
5939
5940
5942
5943
5945
5946
5947
5949
5950
5951
5952
5953
5954
5955
5957
5958
5959
5960
5961
5962
5963
5964
5966
5967
5968
5969
5970
5971
5972
5973
5974
5975
5976
5979
5980
5981
5982
5983
5988
5991
5994
5995
6000
6001
6005
6006
6007
6008
6010
6011
6014
6015
6016
6017
6019
6020
6022
6023
6024
6026
6027
6029
6031
6032
6036
6037
6039
6042
6043
6044
6045
6047
6048
6049
6050
6052
6053
6054
6055
6056
6058
6062
6064
6065
6066
6068
6070
6073
6074
6076
6077
6078
6080
6081
6084
6085
6086
6089
6090
6092
6096
6097
6098
6099
6100
6101
6102
6105
6107
6108
6109
6110
6111
6113
6114
6115
6117
6119
6120
6121
6122
6123
6125
6126
6128
6130
6131
6132
6133
6134
6135
6136
6137
6138
6143
6144
6145
6147
6148
6151
6152
6155
6156
6157
6159
6160
6161
6163
6164
6166
6167
6168
6170
6171
6172
6173
6174
6175
6176
6177
6178
6179
6180
6182
6183
6185
6188
6191
6192
6194
6195
6196
6198
6199
6200
6201
6202
6204
6205
6206
6208
6209
6210
6211
6214
6215
6216
6219
6220
6221
6222
6224
6225
6226
6227
6228
6229
6230
6233
6234
6235
6236
6237
6238
6242
6243
6244
6245
6247
6252
6253
6254
6255
6257
6259
6260
6262
6264
6265
6268
6269
6270
6272
6275
6278
6279
6281
6283
6284
6285
6286
6288
6290
6296
6297
6298
6301
6302
6303
6304
6305
6308
6309
6310
6311
6313
6314
6315
6316
6317
6318
6319
6320
6321
6324
6325
6327
6328
6329
6330
6331
6332
6333
6334
6335
6336
6341
6342
6343
6344
6345
6346
6347
6348
6349
6350
6351
6352
6353
6354
6355
6357
6360
6361
6362
6363
6364
6366
6367
6368
6369
6370
6371
6372
6373
6374
6375
6376
6378
6379
6380
6381
6382
6383
6384
6388
6390
6391
6392
6393
6394
6396
6398
6400
6401
Exception Occurred
6402
6403
6404
6405
6406
6407
6408
6411
6412
6413
6414
6416
6418
6419
6421
6422
6424
6426
6428
6429
6430
6433
6435
6436
6437
6438
6439
6441
6442
6443
6444
6445
6446
6447
6451
6452
6453
6456
6457
6458
6461
6462
6463
6472
6474
6478
6480
6481
6482
6485
6489
6490
6493
6494
6496
6497
6499
6501
6504
6505
6507
6512
6514
6518
6519
6520
6523
6524
Exception Occurred
6526
6527
6528
6530
6531
6536
6538
6539
6540
6541
6543
6544
6545
6546
6547
6549
6550
6551
6552
6553
6554
6555
6557
6559
6563
6564
6566
6567
6569
6570
6571
6573
6574
6575
6576
6577
6578
6580
6581
6582
6583
6584
6585
6586
6587
6589
6590
6591
6592
6596
6597
6598
6602
6603
6604
6605
6607
6608
6609
6610
6611
6612
6613
6614
6617
6618
6621
6622
6623
6624
6626
6627
6628
6630
6631
6632
6636
6637
6640
6641
6642
6643
6646
6647
6648
6649
6653
6657
6658
6660
6661
6662
6663
6664
6665
6668
Exception Occurred
6670
6671
6672
6673
6675
6676
6677
6679
6680
6682
6683
6684
6685
6688
6689
6691
6692
6693
6695
6697
6699
6700
6701
6702
6703
6704
6705
6706
6707
6707
