0.09365507467387171
-0.9365507467387172
0.9365507467387172
0.016557204137343413
0.605406663991849
0.9365507467387172
0.07601187055803049
-0.7869268407989153
0.7333105703616947
0.008060302542434356
0.5990705368867729
0.76027658773546
0.06522491971687765
-0.7662237913658437
0.5382746029717094
0.006571594407105741
0.5958956375722415
0.7273275257143563
0.06295715290961854
-0.7561373128169985
0.5030057453753723
0.006171425173025468
0.5930848292861106
0.71651333274662
0.058098698371563354
-0.7473543999648453
0.4146195674664217
0.005920577610309225
0.5910852841331029
0.7094968363392874
0.057078932791941726
-0.7426402359083375
0.3989384199304971
0.0057832367660986764
0.5890912446474971
0.7047559799694706
0.05639685764125242
-0.7323264599911461
0.3956106928339023
0.005710653985404113
0.5860610244383937
0.700274104146476
0.054348519999938616
-0.7288597766711391
0.3581106233276332
0.005686910201832618
0.5834654063370686
0.6972036103737209
0.05125835057908852
-0.7259034085809842
0.29926360300078614
0.005663457113477366
0.5811222693868836
0.6943914116564309
0.04882092923002566
-0.7231977832420278
0.25322080135848535
0.005643962518961665
0.5790065858774237
0.691885836256657
0.0480526693967606
-0.7207948607172373
0.24025852721797478
0.0056071086785940746
0.577026311272925
0.6891684848448065
0.04812666281836029
-0.7098382310228638
0.2526950253443419
0.0055659722837367535
0.575283546972717
0.6866029926474521
0.04546374422969947
-0.6875782926632648
0.22169659193072452
0.005542018640434127
0.573693966501089
0.6845343393097715
0.04595755836644462
-0.6856462303810796
0.23350493694781269
0.005520388421729461
0.5722613238568396
0.6826690922914288
0.043246240304052316
-0.6744034550277521
0.19052135105329426
0.005498576647463155
0.5709535727944772
0.6809251057437403
0.04217735626987196
-0.6738008020106284
0.1697463233868107
0.005476004543482904
0.5697145480182148
0.6792346388878728
0.042810239125934804
-0.6738448105552745
0.18235997196342155
0.005456909569830404
0.5685001294468469
0.677638320843455
0.04063990934796819
-0.6627578817946848
0.15004030516467906
0.005438319038432116
0.567375851304552
0.6761422320731943
0.03908882579235949
-0.6604367400398761
0.12133977580731373
0.00541444742843516
0.5663519594717441
0.6746409080404473
0.03771616873474517
-0.6606637539133802
0.09365962078152318
0.005393673664123777
0.5653634172461374
0.6732368905286129
0.03833120042107814
-0.6589146208219492
0.10770938759961368
0.005376519297309107
0.5644075991067996
0.6719379850529817
0.0012113263881624258
-0.5905147792750176
-0.5662882515117691
0.01
0.0
1.0
0.01
0.0
1.0
0.01
0.0
1.0
0.01
0.0
1.0
