0.09365507467387171
-0.9365507467387172
0.9365507467387172
0.016557204137343413
0.605406663991849
0.9365507467387172
0.06666059932318033
-0.7742120147504628
0.5589999717131441
0.006782672165345238
0.5964473728751676
0.7321008161820723
0.0608315212940536
-0.7488952652294587
0.46773516065161347
0.005964654946415448
0.5914498532646805
0.7107429521929894
0.05814263276054763
-0.7331003020046521
0.42975235320630045
0.00571641333540836
0.5866232982251045
0.7009515649332717
0.05243816198843978
-0.7264551333059653
0.3223081064628302
0.005666643522256082
0.5815774676328277
0.6949103380779493
0.0012113263881624258
-0.5905147792750176
-0.5662882515117691
0.02
-1.0
1.0
0.02
-1.0
1.0
0.02
-1.0
1.0
0.02
-1.0
1.0
