0.09729432408245767
-0.9949789044795073
0.9509075771696461
0.08822763202921449
-0.9453547421039123
0.8191978984803773
0.07337936912905993
-0.9333064951223751
0.5342808874588235
0.07324684959957513
-0.9269852090927442
0.5379517828987582
0.06581137622938531
-0.9225457031860107
0.39368182140169555
0.061157834144198266
-0.9030009468914201
0.3201557359925452
0.06154795116640297
-0.8937104901934009
0.33724853313465863
0.05593910354161782
-0.8682846399833835
0.250497430848973
0.056039150392944936
-0.8589898679126726
0.2617931399462262
0.05508456381625733
-0.8575450662974924
0.24414621002765413
0.05432050527732041
-0.851661511627332
0.2347485939190763
0.0012607975212743205
-0.6025633623115934
-0.5773474118861069
