0.09365507467387171
-0.9365507467387172
0.9365507467387172
0.016557204137343413
0.605406663991849
0.9365507467387172
0.07601187055803049
-0.7869268407989153
0.7333105703616947
0.008060302542434356
0.5990705368867729
0.76027658773546
0.06522491971687765
-0.7662237913658437
0.5382746029717094
0.006571594407105741
0.5958956375722415
0.7273275257143563
0.06295715290961854
-0.7561373128169985
0.5030057453753723
0.006171425173025468
0.5930848292861106
0.71651333274662
0.058098698371563354
-0.7473543999648453
0.4146195674664217
0.005920577610309225
0.5910852841331029
0.7094968363392874
0.057078932791941726
-0.7426402359083375
0.3989384199304971
0.0057832367660986764
0.5890912446474971
0.7047559799694706
0.05639685764125242
-0.7323264599911461
0.3956106928339023
0.005710653985404113
0.5860610244383937
0.700274104146476
0.054348519999938616
-0.7288597766711391
0.3581106233276332
0.005686910201832618
0.5834654063370686
0.6972036103737209
0.05125835057908852
-0.7259034085809842
0.29926360300078614
0.005663457113477366
0.5811222693868836
0.6943914116564309
0.04882092923002566
-0.7231977832420278
0.25322080135848535
0.005643962518961665
0.5790065858774237
0.691885836256657
0.0480526693967606
-0.7207948607172373
0.24025852721797478
0.0056071086785940746
0.577026311272925
0.6891684848448065
0.04812666281836029
-0.7098382310228638
0.2526950253443419
0.0055659722837367535
0.575283546972717
0.6866029926474521
0.0012113263881624258
-0.5905147792750176
-0.5662882515117691
0.01
0.0
1.0
0.01
0.0
1.0
0.01
0.0
1.0
0.01
0.0
1.0
