0.09969548891145867
-1.0
0.9939097782291736
0.01870860172805528
0.619737743668068
0.9939097782291736
0.09194821971928754
-0.9473345855930728
0.8916298087926783
0.015853686667721505
0.5980030861984799
0.91507681955291
0.07900098387020234
-0.9348407885396731
0.6451788888643735
0.015717191732238033
0.5904766815859134
0.904820516230674
0.07289495035921342
-0.9281234251903795
0.5297755819938889
0.015368956754102731
0.5859416596534055
0.8933207947354601
0.06513095633988149
-0.9233079429734591
0.37931118382417073
0.015284943131049323
0.5814969589967324
0.8871958216177188
0.0618330527126824
-0.9186274202003084
0.3180336340533396
0.015185225697824295
0.5779400105773821
0.881644524533868
0.060943066864619255
-0.8942374437053267
0.3246238935870584
0.015092219173712684
0.5752481612736291
0.8770925447478828
0.05734221804931714
-0.8705795332611472
0.2762648277251956
0.014994251267051012
0.5731320631770177
0.8730170885180379
0.05727468971883537
-0.8592927226900229
0.28620107168668446
0.014901038234811093
0.5714302080746991
0.869450972770921
0.05515643540521553
-0.8578277207378507
0.24530098736646
0.014783458987938387
0.5700131262308387
0.8656823059896064
0.05548730330723861
-0.8564237986885909
0.2533222674561814
0.014660672110802176
0.568806153658715
0.8620195958747585
0.053051244427537426
-0.8430703421582855
0.21795454639246295
0.0145487479800876
0.5677140247815718
0.8586889843833239
0.0012607975212743205
-0.6025633623115934
-0.5773474118861069
