0 1 2 3 4 5 6
 2022567   699375  
 4346873   960035  
 1659685   591095  
 344824   11005  
 5992   13570  
 4349077   4661759  
 136675   2196559  
 5779095   1949  
 4316426   2280855  
 4255972   1348383  
 882763   2855131  
 38509   97053  
 721353   1070862  
 1257   52843  
 1115620   1798514  
 2955   3949176  
 4546560   1146998  
 1533035   1341  
 2123904   50216  
 1766617   54333  
 766224   162977  
 3316977   470749  
 348933   3395775  
 5123314   3385531  
 136602   3163837  
 107391   203538  
 1664816   698  
 405019   1375079  
 5844   50317  
 1107439   1040442  
 5050117   1107439  
 410940   773885  
 3073   4377758  
 492473   266286  
 1371217   1452692  
 101703   4366061  
 289728   5206434  
 632   2530263  
 3855719   4797685  
 3171563   702  
 5139   1410204  
 1154450   239715  
 368947   1286287  
 473920   864120  
 12552   2868  
 748609   1753724  
 1952013   1784086  
 2955   75474  
 101703   1781354  
 430363   368947  
 5970280   612662  
 383504   89352  
 107501   101703  
 2855131   117174  
 994891   321852  
 5137800   3020631  
 8093   1107439  
 1961037   359889  
 5522   54333  
 252843   4218645  
 645   3251061  
 20280   616254  
 131960   1104167  
 4767525   1338283  
 3751402   68436  
 897578   6023259  
 6664   3450102  
 4086241   196938  
 998433   138425  
 5734417   1146998  
 2756209   5794102  
 1424017   4218645  
 4050213   1471149  
 1257   3296658  
 464930   591432  
 5992   7171  
 3088112   3348917  
 326288   6107102  
 6041347   3292127  
 2299380   71157  
 5969640   4661759  
 393376   18383  
 994891   3714902  
 1136972   107501  
 12756   23219  
 1126097   3100427  
 1450892   1949  
 4238017   252606  
 152521   1160812  
 4561811   2079630  
 2185810   4396211  
 2125799   1459964  
 1945423   58782  
 138425   68319  
 1988081   213590  
 610106   68357  
 696442   59110  
 2955   277126  
 4078489   8366  
 3558385   6254303  
 2955   28792  
 3171563   1067472  
 507   6189  
 1367861   8093  
 75650   126523  
 956464   1622120  
 1067472   69558  
 1156162   105339  
 316059   4645460  
 5853562   84942  
 3611225   5447148  
 507   3201983  
 347285   35703  
 4013107   1868782  
 8919   406324  
 1455811   320623  
 1965896   2470841  
 36399   1538737  
 526314   1093591  
 4299945   5947765  
 5380716   1375079  
 1455811   54333  
 2909921   3830446  
 2112571   77149  
 101703   4540  
 576   22351  
 1455811   4594471  
 1438160   115962  
 5305959   4849258  
 551138   5529869  
 806528   5449707  
 3169   5953958  
 368947   320623  
 2003221   576663  
 521408   269319  
 3566729   5828491  
 3088112   365757  
 1043940   190815  
 3191692   287308  
 1455811   5640306  
 4288496   95141  
 1160812   182373  
 138425   12214  
 1273558   1839911  
 338928   279177  
 2436323   119565  
 2875401   1599806  
 11009   314970  
 1295854   4218645  
 181290   1931821  
 11739   1219227  
 19794   2955  
 2872291   1455811  
 2431427   5948684  
 894532   3605783  
 5407483   52029  
 709041   101703  
 4594471   4797685  
 101703   105339  
 2274655   1271  
 627305   1459964  
 652873   275365  
 3611225   5139  
 298948   5624282  
 1667236   272380  
 492473   702  
 1197287   1283049  
 5137800   646428  
 627305   266286  
 6103011   11739  
 5853562   2955  
 487184   519046  
 2321812   8093  
 3498746   1341  
 625840   389490  
 4437723   300502  
 1306024   2014487  
 3535554   1455811  
 5260172   1753724  
 4398178   1072695  
 5699977   514338  
 102626   2014487  
 1578   833203  
 743   39088  
 694624   1825965  
 4317146   1457724  
 7827   1274645  
 378724   492280  
 65641   3537229  
 998433   3068676  
 3398678   6317434  
 379739   5163748  
 4236338   190555  
 233076   42788  
 3073   101703  
 170405   2734169  
 1435014   57715  
 575505   934  
 267254   21917  
 1317488   1296368  
 652873   1228270  
 306835   4540  
 683072   2123904  
 3171563   1012205  
 1588584   103996  
 3535554   713420  
 834465   2227485  
 1341   1868782  
 501312   960035  
 4432041   368947  
 213268   4128029  
 1201701   645  
 507   2389276  
 680840   3427073  
 5299008   84281  
 88114   267  
 5556064   3535554  
 702346   532972  
 18063   4013107  
 4238017   4990  
 124518   534962  
 8093   3691959  
 4945553   1197287  
 5578611   190555  
 1156162   4868  
 115962   646428  
 507   344645  
 213268   95774  
 998433   758392  
 516528   6317434  
 2811189   153805  
 620632   829352  
 93202   69558  
 181290   3015108  
 698816   897578  
 1455811   227624  
 6017006   3855719  
 277126   2334200  
 2858   1341  
 571272   276464  
 571272   4256054  
 489316   753716  
 4385121   1283049  
 412944   1459964  
 5103   4511935  
 1789411   733  
 2125349   5948684  
 3217   3095150  
 1184629   1753724  
 430617   1273558  
 82534   702  
 3243758   266286  
 10660   1951600  
 1136972   38509  
 4416498   3191659  
 521408   59110  
 1664816   4540  
 2031683   1184629  
 72   9178  
 698816   6222659  
 1941135   3046999  
 917681   5883453  
 490573   33390  
 1111358   3292127  
 5332682   3942819  
 218291   28792  
 7314   267  
 19104   564921  
 1659685   4743146  
 5529869   2611068  
 3117   3805980  
 489316   190555  
 230850   4661435  
 698816   287308  
 590160   136602  
 5426883   3398527  
 36184   370420  
 1839040   453022  
 5709298   1107439  
 959650   213268  
 2654605   1949  
 3171563   4797685  
 2955   5828491  
 3169   2884588  
 1452692   266286  
 3535554   753716  
 852962   2753323  
 168520   493931  
 6308963   892412  
 1685978   4349230  
 3435169   105438  
 1115620   3395775  
 754476   101703  
 190555   1455811  
 10905   3885190  
 2479648   1615757  
 897578   1370576  
 5139   2611068  
 6103011   170405  
 339548   14134  
 2503032   242265  
 4376045   1070862  
 683072   4636539  
 115962   69023  
 4145702   11009  
 2889   5522  
 4288496   107501  
 2479648   12270  
 138425   1151126  
 2171116   828247  
 504786   316059  
 3296658   1697118  
 608112   28792  
 11009   4377758  
 623793   5255532  
 4902741   735869  
 101703   523577  
 453022   676847  
 2955   68319  
 1306024   368947  
 1290968   4644307  
 101703   118224  
 421083   1693591  
 507   48076  
 2014487   103996  
 53392   5654448  
 253513   1455811  
 393376   2955  
 698816   520150  
 5644640   2874045  
 3991120   7958  
 1107439   510623  
 523577   4540  
 2738916   1273558  
 1456673   361646  
 24417   379739  
 84942   69558  
 1093   1527750  
 223745   101703  
 275365   4376045  
 3171000   1685978  
 56978   1274645  
 250192   205142  
 1342758   5794102  
 1197287   83575  
 2359131   2973631  
 367162   72478  
 1562552   143796  
 1656934   32623  
 1493813   367165  
 52029   98997  
 1136972   5001087  
 298348   414  
 94039   97053  
 95141   1784086  
 54333   365757  
 65933   1452692  
 2611068   2111061  
 179844   51645  
 5818687   3395775  
 71157   453022  
 3466798   3348917  
 1409297   2914  
 571272   2786878  
 5818687   616254  
 85873   95141  
 1207402   449982  
 959650   4128029  
 1288785   1338283  
 31905   532972  
 1685057   5318913  
 1233415   157617  
 754476   212942  
 1317488   8917  
 5556064   5578611  
 213268   365757  
 8093   178411  
 4082268   3657966  
 3663563   2955  
 172380   4966381  
 2431427   2125349  
 4432041   616254  
 30522   514338  
 5529869   4251003  
 3855719   93202  
 1283049   9178  
 29911   68319  
 3469521   55066  
 4813   58713  
 2730187   1003058  
 2243817   185895  
 645   696944  
 85965   4255566  
 230850   82534  
 6041347   1471149  
 4825100   21511  
 1471149   1053046  
 6222659   455833  
 3217   753716  
 677746   210707  
 2889   4902741  
 2538369   2069645  
 758392   13188  
 4147290   82534  
 1949   1370335  
 378724   74613  
 9339   1455811  
 227624   1534  
 326354   279516  
 1207402   646428  
 3169   90773  
 4651628   677746  
 5704936   9652  
 3566729   169923  
 3991120   158778  
 58713   561153  
 489316   218291  
 5828491   510623  
 1525236   1908063  
 3372273   3791067  
 102626   1455811  
 2863915   71157  
 1949   2742654  
 4698056   368947  
 100871   84942  
 1455811   3937287  
 3974232   1260450  
 3086942   2987  
 73040   2389276  
 2889   402450  
 1324923   1576660  
 3214513   2793945  
 847841   115962  
 591432   246527  
 2418648   115994  
 896777   1430802  
 65933   1371217  
 2227485   32623  
 131960   202264  
 1150922   101703  
 3733824   1220916  
 1455811   81115  
 2955   138425  
 11009   4561811  
 4366061   365757  
 138425   5380683  
 95141   1317488  
 344824   409561  
 3682   57715  
 1317488   3657966  
 51399   210707  
 4178706   2955  
 5853562   4104347  
 115962   5537757  
 83906   492280  
 3644634   4128029  
 2889   557705  
 289728   1159229  
 591432   965477  
 2508514   2111061  
 1188   8917  
 3191659   212942  
 443096   230651  
 2389276   735869  
 72   4990  
 179047   410940  
 2160385   482539  
 698816   14600  
 152746   95141  
 61233   47243  
 1219227   1190415  
 2418648   995758  
 101703   318577  
 155689   2185810  
 1455811   350541  
 1306024   115962  
 457   646428  
 1257   95774  
 267   9178  
 140128   1401385  
 43505   725244  
 272380   279516  
 101703   3828053  
 6290240   2196559  
 4376045   665  
 3068676   93849  
 4256054   2786878  
 3974232   3749  
 12552   1924153  
 1838093   210707  
 124518   646271  
 3535554   30522  
 3733824   2515180  
 95141   773885  
 400751   315613  
 473920   5255391  
 489316   4236338  
 5642   5001087  
 756548   11739  
 210707   1288785  
 1973784   90471  
 1190415   1093591  
 3068676   758392  
 616254   19794  
 521408   421873  
 2884588   363538  
 1828538   1452692  
 1450   213268  
 590160   702  
 3151914   2524325  
 93849   115994  
 150040   130966  
 1669900   72478  
 3151056   30548  
 526314   961878  
 948322   101703  
 1455811   5779095  
 1489849   1303061  
 2031683   6172  
 3153653   179047  
 28792   55066  
 3169   67839  
 748609   58713  
 104361   560620  
 181290   3368243  
 5137800   6806  
 5148425   97053  
 115962   306835  
 2508514   1572482  
 571272   2405519  
 5299008   3429631  
 683072   1004813  
 646428   95774  
 1428096   379739  
 1003058   1032155  
 171332   54333  
 3611225   534962  
 4064128   568115  
 481481   897578  
 166881   608957  
 591432   3657877  
 83906   74613  
 1455811   1370335  
 10660   377873  
 6145832   4557060  
 195854   1664351  
 267   4031148  
 1238792   179047  
 5969640   28792  
 944129   101703  
 75164   1455811  
 2580064   1766617  
 158778   421525  
 2479648   3861677  
 350541   101703  
 492898   2753090  
 1838093   1538737  
 748609   507  
 1296368   3728423  
 1204032   4306107  
 1159229   277126  
 5969640   2175250  
 1115620   497081  
 10905   4853614  
 124518   97053  
 616254   1949  
 551138   2589797  
 1471149   3292127  
 3093275   524188  
 557705   3981675  
 10660   5356969  
 1667236   178411  
 138425   2125799  
 1416952   3037742  
 3726033   610843  
 3169   722000  
 698   1866  
 2633551   1288785  
 223745   170197  
 236992   2128333  
 2039306   510764  
 115962   3700807  
 6209956   743  
 5438   822911  
 4594471   181867  
 530960   321852  
 9178   5640306  
 2556   3605783  
 101703   1370335  
 5553011   103423  
 36399   2633551  
 1029683   218291  
 965477   1584317  
 1435014   518746  
 637603   27837  
 18744   5306829  
 36399   677746  
 3805980   4511935  
 94419   124767  
 1455811   815856  
 446592   820333  
 123837   293847  
 2538369   1326360  
 1781354   610843  
 918410   688125  
 2452578   3673927  
 11876   753716  
 758392   93849  
 17956   101703  
 20280   3949176  
 170080   4501253  
 19794   1455811  
 317816   2359131  
 756548   2734169  
 267   4846271  
 101703   93849  
 2889   75164  
 4513562   77900  
 1435431   74613  
 490573   95774  
 2955   510623  
 3602365   3292127  
 11579   114966  
 770097   1179224  
 3087526   4518471  
 1093   1502578  
 27172   95141  
 3566729   722821  
 351033   102479  
 2654605   19794  
 3087526   607925  
 2418648   4432041  
 637603   635951  
 600600   68319  
 54333   72478  
 551138   2788981  
 82534   5779095  
 43505   51645  
 3237459   507  
 2539   507  
 6189   3805980  
 18063   320177  
 1649153   3073  
 19634   2786878  
 7712   507  
 863889   1179224  
 3217   2631372  
 295855   115994  
 53392   1527750  
 616254   252606  
 489316   4296862  
 65641   2175250  
 1303061   510623  
 2366472   771091  
 1941135   4879354  
 1524753   263981  
 5537757   616254  
 1582249   3655540  
 13570   101703  
 600600   101703  
 1317488   4850  
 940636   5683679  
 5388508   2356221  
 1104167   101703  
 2955   5578611  
 13015   8093  
 2014487   3359961  
 8919   18935  
 2418648   607925  
 41370   1850329  
 3183051   1949  
 3116589   3265381  
 58713   2389276  
 158658   35501  
 507   616254  
 1253537   2858  
 1017043   2389276  
 124518   3937287  
 2239905   2934091  
 607925   961878  
 101703   68671  
 267   448237  
 5949056   961878  
 965477   1032155  
 794778   339717  
 547299   3367046  
 107501   1159229  
 16211   2898080  
 3466798   338928  
 3629325   333617  
 61233   1583246  
 270322   1220916  
 409673   8093  
 2889   365757  
 6317434   4672766  
 474568   1424017  
 1542933   1766617  
 524188   3116213  
 1678827   2474918  
 32588   453022  
 5050117   2418648  
 941   3834103  
 4366061   1317488  
 70881   2474918  
 948322   2909  
 102626   293847  
 103880   118158  
 5199164   69023  
 148747   2299380  
 218368   421525  
 3791067   1341  
 492473   948322  
 145476   4868  
 320177   71157  
 368947   484284  
 107501   54006  
 4025475   1190415  
 459009   1084058  
 405019   5380716  
 1153549   1949  
 199361   1111358  
 1286287   3395775  
 4218645   507  
 3251061   130966  
 468   20583  
 735869   4020094  
 1370576   6023259  
 89352   228343  
 1177532   6172  
 94419   1452692  
 3814568   4246509  
 101703   815856  
 2095338   1367861  
 756548   170405  
 2987   4525150  
 3169   1190415  
 31905   507  
 98286   126523  
 1115620   95774  
 3435169   2818451  
 320177   93849  
 1455811   5724815  
 2112571   507  
 3410   1136972  
 2419515   3611478  
 6134232   6099061  
 3015108   346589  
 1070862   4540  
 1450892   1909637  
 414955   3768804  
 3466798   1028889  
 604812   6575  
 1067472   1348383  
 468   1341  
 1223368   112266  
 4990   95774  
 267   168524  
 5305959   616254  
 1455811   534962  
 54006   84942  
 393376   1341  
 6189   4846271  
 2900364   2611068  
 36634   1341  
 3418973   1550711  
 5740920   380  
 213268   9178  
 401449   1455811  
 32179   82534  
 5723011   2611068  
 1818177   3217  
 507   54333  
 1402166   1107439  
 51399   1538737  
 192066   4913451  
 1188   10671  
 3117   4846271  
 917681   892846  
 620632   41674  
 1115620   348933  
 326354   101703  
 1452692   124767  
 267   3436  
 1648216   524188  
 306835   665  
 43505   1101843  
 5992   3334093  
 532972   2753090  
 71157   347285  
 2739866   3855719  
 378724   304862  
 4846271   4511935  
 11009   753716  
 70540   1128191  
 571272   55066  
 475137   387237  
 148747   205142  
 1245763   279516  
 3100427   507  
 3954698   13742  
 1107439   2755333  
 3611225   580398  
 454330   103996  
 3169   625840  
 443096   95774  
 5890113   368947  
 18744   160122  
 4064128   84942  
 696944   1582249  
 1455811   196767  
 5818687   1355923  
 4255566   5734417  
 1649153   646428  
 625840   722000  
 489316   30522  
 10235   252606  
 3861677   4296862  
 4389017   5799044  
 3217   179047  
 166881   2955  
 2069645   2171737  
 3651149   203367  
 616254   26718  
 421873   126523  
 1455811   3171563  
 1029683   1341  
 277126   549166  
 2132236   2855131  
 591432   101703  
 279516   2742654  
 2889   410940  
 1115620   1040442  
 8093   84942  
 3726033   4825628  
 4868   266286  
 1455811   1115620  
 5716331   1107439  
 1093   36634  
 379745   646428  
 2589797   4302077  
 5449707   702  
 203538   2826276  
 415294   6254303  
 616254   1712631  
 84942   213268  
 4296862   5550119  
 4876709   117174  
 101703   181867  
 230478   1949  
 90773   5438  
 670745   8938  
 1107439   15719  
 143656   2898080  
 6257178   155290  
 4366061   1452692  
 199361   333617  
 3954946   524172  
 5318913   2026908  
 85873   279516  
 1753724   1455811  
 591432   3690526  
 107501   89135  
 3611225   101703  
 1260450   3749  
 5663323   368947  
 5815688   410769  
 52843   5001087  
 2123904   5139  
 5030658   48076  
 4338748   4190007  
 3926346   101703  
 1824460   99711  
 1464   3768804  
 89444   101703  
 50434   2445380  
 897578   342767  
 6308963   365757  
 11876   92226  
 54333   3395775  
 3543467   2611068  
 70416   1471149  
 18063   160505  
 3929731   481481  
 169157   130966  
 181867   1455811  
 941   69558  
 14600   1465094  
 5799044   118158  
 42844   1136972  
 101703   5779095  
 219216   2633551  
 702346   2753090  
 2418648   510623  
 1973784   5683679  
 51645   485174  
 2515180   1220916  
 61233   107501  
 5036302   4835927  
 4366422   2786878  
 4396211   892412  
 9178   95774  
 93849   5199164  
 3535554   489316  
 2955   1341  
 138425   8093  
 2868   101703  
 1317488   368947  
 5953958   722000  
 136675   1618204  
 199361   6041347  
 10311   5255391  
 5578611   2014487  
 5582826   1676500  
 28792   279516  
 19648   379739  
 102626   1471149  
 607926   124518  
 59110   126523  
 4393   5084639  
 52843   443096  
 115962   30359  
 2697524   1669900  
 51272   3714902  
 213268   4303013  
 136675   179047  
 93849   4868  
 1288681   1455811  
 5305959   677746  
 6806   3020631  
 415394   1435014  
 199361   160122  
 5553011   670745  
 2955   3217  
 6222659   2889  
 5388508   2351615  
 4828578   2221077  
 753716   361646  
 101703   368947  
 4316426   1028889  
 1375   3566729  
 359889   52029  
 75650   269319  
 1115620   2315215  
 5532928   1040442  
 2334881   90773  
 47243   3656869  
 803875   5260172  
 5977961   5947765  
 557705   2966574  
 948322   753716  
 1403961   3237459  
 1455811   443096  
 23583   1693591  
 19104   616254  
 101703   365757  
 507   213268  
 3845664   101703  
 55066   3163837  
 2209   9178  
 2431427   3359283  
 181290   346589  
 1438160   4840275  
 1937330   5139  
 148747   2228479  
 93849   69023  
 136675   6259822  
 2095338   811662  
 4586491   15719  
 518518   6191  
 88950   112266  
 101703   610843  
 2101784   1490027  
 3855719   1067472  
 138425   1096655  
 632   1253021  
 145042   3750231  
 959650   3644634  
 379739   105438  
 748609   179047  
 266286   58713  
 5118954   1253021  
 320177   6414  
 2479648   1006962  
 1159229   101703  
 1306024   115994  
 95141   179047  
 5578611   101703  
 213268   1341  
 440180   4540  
 203538   105855  
 834465   32623  
 2111061   101703  
 2163453   2829862  
 4256054   3163837  
 1317488   4082268  
 1722593   489316  
 169157   145476  
 230850   8093  
 632   3257590  
 2125349   1608358  
 3855719   3171563  
 275365   1228270  
 771091   9347  
 5856898   28955  
 54006   568115  
 2889   43610  
 1343818   2175250  
 108914   5683679  
 3131616   3398678  
 2356221   3133910  
 748609   4813  
 473920   10311  
 5529869   97053  
 1949   5895710  
 1201701   130966  
 50216   6023259  
 5450260   4853614  
 4366061   65933  
 10905   234258  
 748609   797710  
 3885190   4853614  
 15719   72  
 4050213   688025  
 1599786   213268  
 269125   81115  
 112266   572667  
 1455811   32623  
 5197002   4296862  
 2169336   77900  
 1888   3435169  
 670745   1101843  
 698   379739  
 339717   516534  
 998433   68319  
 1341   5438  
 36072   1576660  
 5556064   2955  
 591432   3147522  
 3214513   54883  
 97645   763543  
 646428   355926  
 2414412   5289171  
 5955686   69558  
 676847   71157  
 1430802   2411405  
 3954698   4825628  
 576   5227204  
 3169   551138  
 1722593   30522  
 62369   136675  
 3498746   2589797  
 965477   3464174  
 4828578   13357  
 12325   1028889  
 748609   67839  
 5989893   31123  
 3466798   2280855  
 101703   1857128  
 6172   115994  
 3086942   5642  
 967   5260172  
 379739   1107439  
 2123904   4251003  
 2955   1481301  
 155395   1341  
 202264   101703  
 1667236   85965  
 124518   484284  
 501312   3023027  
 33457   1471149  
 795747   1452692  
 646428   3020631  
 93202   747572  
 85873   1273558  
 4025475   526314  
 1965896   230850  
 28792   507  
 4990   2482638  
 2955   29911  
 803875   967  
 696944   1031474  
 1945423   101703  
 169157   4868  
 4594471   1067472  
 12461   223506  
 38509   5001087  
 2418648   4686891  
 2914   267  
 70881   230850  
 1618204   6259822  
 70881   965477  
 1471149   688025  
 965477   3700807  
 8093   431  
 1115620   1766617  
 15508   105855  
 6189   195854  
 576   1365979  
 118224   1006962  
 998433   29911  
 359889   496501  
 964960   3435169  
 558697   1452692  
 1006962   2955  
 3116589   5724815  
 359889   1471149  
 460592   2955  
 510623   1370335  
 95141   4850  
 1151126   2125799  
 115962   1947655  
 124518   509526  
 1817175   101703  
 709888   286095  
 4426193   12214  
 320177   1580689  
 74613   492280  
 1455811   1007127  
 338928   2280855  
 1838093   36399  
 699375   1455811  
 698816   557705  
 3368243   346589  
 1578   37422  
 733   576663  
 532972   351033  
 110073   263981  
 30731   2742654  
 2431960   99711  
 709888   965477  
 83575   2359131  
 4527223   698  
 3436   3805980  
 1093   13015  
 369314   2069645  
 844521   571394  
 882763   2132236  
 735869   4661759  
 3186530   9652  
 1965896   4661435  
 1857128   607926  
 2418648   3087526  
 15240   2031712  
 3908192   30522  
 3336409   646428  
 12112   507917  
 1456673   1327854  
 1937330   124518  
 2062184   863889  
 796907   355926  
 2889   6017006  
 4449409   8902  
 1420775   124518  
 2418648   610843  
 2889   8093  
 1579193   2753090  
 2133919   3466247  
 1455811   52843  
 4104347   3782014  
 4846271   3805980  
 551138   3464174  
 3539529   2361182  
 65641   1343818  
 1296368   2334200  
 101703   534962  
 4767525   5001087  
 1021946   250178  
 1115620   54333  
 5553011   11767  
 1524753   110073  
 2855131   5720379  
 613241   3830446  
 4260264   770097  
 6178833   3359283  
 4586491   272380  
 1502578   8093  
 1781354   3657877  
 85873   3673927  
 3937287   1857128  
 3169   389490  
 3336409   4990  
 5723011   4302077  
 1798514   1040442  
 80122   4256054  
 3408142   5794102  
 5624867   1823331  
 1533035   507  
 1753724   48317  
 2315215   1798514  
 230651   95774  
 5828491   2418648  
 115962   4769252  
 2243090   205142  
 151189   2952239  
 102626   688025  
 6189   4990  
 3946100   1784086  
 3611225   646428  
 102626   103996  
 4540   3605783  
 616254   23926  
 95141   175791  
 22351   1460021  
 1384267   1949  
 393376   507  
 6317434   5447148  
 965477   1040442  
 1455811   3428157  
 115962   5050117  
 13357   38509  
 320177   160505  
 1317488   3828053  
 2039306   1359598  
 1838093   677746  
 2598456   35969  
 82534   1949  
 811662   2127  
 2431960   844067  
 489316   28792  
 21658   1685251  
 412497   6023259  
 646428   33390  
 760   518518  
 267254   1066342  
 3733824   270322  
 220035   1001743  
 4416498   1949  
 721353   440180  
 2410689   646428  
 1101843   3902843  
 289728   6575  
 3937287   509526  
 317816   2973631  
 3566729   3657877  
 287308   860605  
 223745   2125799  
 1763568   646428  
 453022   1664351  
 1136972   213268  
 112819   101703  
 1582249   1452692  
 460592   5339150  
 1587917   987087  
 295855   368947  
 918410   4868  
 2062184   770097  
 1257   230651  
 1317488   48317  
 356073   340983  
 1029683   5605813  
 1078939   168524  
 321852   3429631  
 3086942   5001087  
 70881   1233415  
 2015553   612662  
 2889   2987  
 765321   4828578  
 1756678   35703  
 4316426   3466798  
 5050117   2955  
 471960   43505  
 3700807   2447626  
 218368   158778  
 179844   25263  
 31123   599318  
 1370576   677746  
 8093   41214  
 1542933   944218  
 1341   56978  
 12552   622720  
 44872   153805  
 1798514   568115  
 702   266286  
 1261824   3965724  
 5818687   5305959  
 4432041   5663323  
 4251003   1762404  
 1207402   882763  
 115994   5119877  
 425   704238  
 39088   2058068  
 115962   3419  
 610843   1452692  
 474568   1295854  
 2522149   101703  
 379739   5255532  
 2914   9178  
 1460021   1365979  
 3327323   451206  
 459104   88065  
 1070862   306835  
 694624   4299945  
 1384267   616254  
 896777   2411405  
 1455811   95774  
 2987   580398  
 383504   228343  
 6180866   25605  
 1067472   1949  
 237000   2635900  
 3293219   2572445  
 5388508   3133910  
 6103011   1219227  
 3600180   105438  
 11009   277126  
 688025   2279705  
 154589   5084639  
 864120   5255391  
 44872   702175  
 1464   28955  
 4065828   2216311  
 199361   1223368  
 3929731   287308  
 1317488   1753724  
 2477195   2279705  
 2334881   71157  
 43505   811019  
 5299008   101703  
 380   113622  
 4260264   1435242  
 4396211   365757  
 1951600   377873  
 5948684   3359283  
 3237459   108676  
 230478   115962  
 422033   2955  
 2479648   4296862  
 2631581   101703  
 178131   379214  
 1527750   5654448  
 1823331   5724815  
 4868   105339  
 5953958   625840  
 1093   5654448  
 4518471   4561811  
 199361   3629325  
 2321812   168887  
 829352   93849  
 1327854   6414  
 622720   105855  
 2666992   43505  
 4767525   6191  
 571272   3984029  
 3579422   15719  
 698816   455833  
 5206434   1159229  
 71157   246527  
 709888   387911  
 2135008   2834295  
 794778   92597  
 1341   20583  
 662552   82534  
 4913451   646428  
 2730187   1032155  
 753716   30522  
 19794   736211  
 10905   6189  
 1093   138425  
 1395369   1502578  
 107973   4407663  
 2046217   1862394  
 5435464   1937330  
 102131   3657966  
 1296368   1817175  
 3081093   1949  
 733   2003221  
 552620   4873422  
 6664   89444  
 572667   1723498  
 8093   414  
 1608358   3359283  
 632   78942  
 1296368   389241  
 92226   1578564  
 459104   21511  
 136602   2786878  
 107391   105855  
 3770721   10815  
 2611076   3116589  
 279177   213268  
 588110   160505  
 3469521   519046  
 108914   940636  
 4902741   4349077  
 2064709   3292127  
 222016   2274655  
 131179   379739  
 1798514   143  
 2755333   15719  
 790824   5740920  
 1455811   2227485  
 961878   2359131  
 3926346   230478  
 1117681   5001087  
 4765065   1851639  
 101703   6575  
 646428   6806  
 3087526   3163837  
 3131616   1215007  
 115962   297139  
 141930   5438  
 5953958   389490  
 6189   1664351  
 4178706   1455811  
 3368243   3015108  
 698816   3929731  
 5949056   2359131  
 450395   1246885  
 65933   124767  
 1283049   1277475  
 2955   948322  
 3570   47263  
 1581825   871186  
 1115620   52843  
 4366061   124767  
 1945423   496501  
 190555   20844  
 2123904   702  
 2515180   270322  
 267   1656934  
 28792   4661759  
 415394   3682  
 1326360   2171737  
 56630   414  
 4013107   2014487  
 1101843   5553011  
 696944   3251061  
 1464   547299  
 676847   453022  
 2435933   6015406  
 1029683   3965724  
 3954946   72478  
 65641   10671  
 694930   266286  
 124518   494487  
 31905   2389276  
 108633   186508  
 4849258   616254  
 1023569   52594  
 2112571   4437715  
 2603674   411524  
 199361   158658  
 1455811   692633  
 183674   10235  
 232569   4868  
 1988081   101703  
 877921   1159229  
 19634   6189  
 93849   5375535  
 115962   77149  
 100871   3834103  
 93849   169157  
 230850   15918  
 610843   1107439  
 1153549   299214  
 31905   351033  
 4780731   3020780  
 507   8093  
 1560241   408891  
 170197   101703  
 215564   1093591  
 1288528   55066  
 571272   330410  
 75650   59110  
 1034560   1455811  
 2095338   8093  
 1005102   101703  
 1067472   306835  
 2611068   101703  
 409673   3348917  
 163704   492898  
 69558   3834103  
 1341   616254  
 65641   8917  
 388322   4813  
 6209956   39088  
 9178   578661  
 473920   523060  
 5663323   616254  
 2889   530960  
 2112571   115962  
 393376   4218645  
 3908192   26729  
 5139   702  
 1580689   2383699  
 227624   507  
 277126   1296368  
 223745   412944  
 155896   330834  
 89352   594014  
 5873648   253983  
 5818687   677746  
 4316426   338928  
 588110   320177  
 847841   3700807  
 534962   509526  
 4449409   22597  
 20336   223506  
 298948   13741  
 4086241   2874803  
 5148425   38509  
 2858   5438  
 2884588   5438  
 3661521   1128767  
 1451311   415294  
 76837   4246509  
 4377758   642167  
 2389276   4020094  
 1406540   13015  
 229010   8093  
 568115   84942  
 44525   118766  
 2889   5050117  
 1828538   2987  
 35036   179047  
 3151914   4360005  
 2508514   2611068  
 306835   698  
 8093   763543  
 1422329   2955  
 423851   1341  
 3163837   2786878  
 3926346   17956  
 73040   670745  
 95141   54333  
 379739   28934  
 580398   5001087  
 3469521   1939964  
 2166698   613871  
 12325   338928  
 53349   1395369  
 3093275   3116213  
 2889   4366422  
 318828   12214  
 2589797   4366422  
 75650   98286  
 61233   616254  
 102626   3673927  
 112266   3629325  
 137600   43505  
 591432   1965896  
 54333   321852  
 4501253   5429535  
 124518   4698056  
 670745   549166  
 358909   6189  
 1375   1003058  
 1093   53349  
 3949176   616254  
 1150994   2419515  
 523060   864120  
 1371217   124767  
 2169336   4513562  
 30049   28955  
 6078819   230478  
 239715   646428  
 6125956   101703  
 748609   2872291  
 379739   76837  
 4025475   1093591  
 2889   431  
 1341   283325  
 3073   642167  
 13015   36634  
 1965896   2730187  
 269298   54006  
 440180   487095  
 5723011   5529869  
 1224763   167291  
 3984029   276464  
 1338283   1117681  
 3655540   84281  
 126523   71157  
 1197287   2359131  
 26696   52029  
 6290240   882763  
 74756   453022  
 410940   4902741  
 5624867   5724815  
 1828538   4561811  
 5989893   5360591  
 3719201   379739  
 115962   12756  
 320177   2383699  
 638045   482539  
 83906   304862  
 1746024   171474  
 5724815   54333  
 1003058   379739  
 1828538   3429631  
 1601793   880539  
 112819   2631581  
 766224   1017043  
 2955   608957  
 677746   2633551  
 1949   1909637  
 20336   1579193  
 15595   136675  
 170405   1219227  
 3558385   1451311  
 967   229010  
 698   3605783  
 321852   365757  
 140128   325447  
 765321   2351615  
 10905   318577  
 1245763   5071371  
 37894   325447  
 275365   665  
 213268   4302077  
 3535554   190555  
 1406540   8093  
 278290   514338  
 1455811   3926346  
 972462   1410204  
 169157   3367046  
 110073   714639  
 3929731   3191692  
 1667236   8093  
 71987   4302078  
 941   1067472  
 298348   56630  
 41674   829352  
 2069645   1326360  
 1424017   616254  
 6078819   1949  
 646428   1197287  
 1667236   5734417  
 7314   15508  
 179047   3946100  
 3385531   1015668  
 4256054   136602  
 1067472   97053  
 1306024   1949  
 137600   811019  
 1828538   1136972  
 51399   36399  
 1455811   230651  
 1115620   230651  
 738122   5060127  
 102626   3359961  
 3436   3117  
 1868838   266286  
 1455811   269125  
 501312   1148008  
 56978   7827  
 3169   5438  
 3131616   1803805  
 680840   643484  
 740442   822911  
 47243   1583246  
 233632   88683  
 4561811   1667236  
 3937287   534962  
 102626   123837  
 3819066   5272286  
 11739   2734169  
 623793   379739  
 409673   267  
 961878   2973631  
 218291   279516  
 893697   2014487  
 2611068   295855  
 297139   2474180  
 3655540   3429631  
 1107439   1798514  
 3068676   101703  
 192066   646428  
 10660   2394142  
 3535554   2921901  
 4841952   1590756  
 2889   71157  
 2889   84942  
 3436   5103  
 2062184   1179224  
 3558385   415294  
 4518471   607925  
 1753410   1931821  
 1317488   230850  
 3700807   1032155  
 1685251   4966381  
 21658   1732924  
 88950   379739  
 70881   489287  
 507   178131  
 760   6191  
 131179   3296658  
 337409   1003058  
 153805   702175  
 9178   3398527  
 5529869   213268  
 2654605   702  
 1367861   168887  
 2753323   4687586  
 610843   3395775  
 56253   3429631  
 23219   753716  
 1007922   1338283  
 4540   124767  
 1190361   210298  
 3243758   223745  
 3611225   10876  
 1587917   1471149  
 551138   363538  
 5009267   2414412  
 1052186   56978  
 59110   421873  
 179825   266286  
 2826196   6575  
 202466   1803805  
 2987   402450  
 181290   944218  
 561153   3755175  
 457   4457  
 2955   1317488  
 4769252   77149  
 964960   4379421  
 3171563   93202  
 591432   2730187  
 168520   4377473  
 41370   704238  
 4505665   4190007  
 514338   3489478  
 3296658   379739  
 2353   1590756  
 393376   1533035  
 5844   1197287  
 1440109   450395  
 272380   218291  
 1455811   439491  
 1306024   295855  
 3073   17956  
 93849   507  
 616254   1198167  
 2160385   730163  
 3683612   1273558  
 2431427   6178833  
 275365   306835  
 5890113   484284  
 1949   299214  
 1034560   227624  
 5644640   192893  
 194748   367165  
 148747   2243090  
 994891   12214  
 4828578   5001087  
 487184   3469521  
 162977   3673927  
 101703   3348917  
 1798514   497081  
 670745   2389276  
 5486277   33709  
 670745   735869  
 1288528   28792  
 195939   5438  
 101703   84281  
 1784086   1949  
 6664   1920089  
 3377   6172  
 2589797   5756379  
 616254   1512631  
 6172   1753724  
 101703   1664816  
 368947   115994  
 5360591   31123  
 2209   267  
 5642   580398  
 2611068   3605783  
 1031474   168718  
 5139   580398  
 2920993   5624282  
 4540   2556  
 286441   58782  
 1599786   9178  
 2221077   38509  
 2889   230850  
 569587   116381  
 5724815   72478  
 4743146   124518  
 95141   2216311  
 941   97053  
 1649153   642167  
 1440109   1246885  
 3464174   6317434  
 1341   867429  
 4008675   5895710  
 159959   101703  
 1257   443096  
 55066   1939964  
 2611068   4302077  
 115962   5199164  
 80122   55066  
 1072695   1190361  
 5522   321852  
 2031683   1753724  
 2112571   4078489  
 998433   600600  
 6174554   118158  
 2920993   2868  
 2987   1552798  
 5853562   3663563  
 84942   97053  
 833203   37422  
 2945491   1949  
 332762   4835927  
 199268   820333  
 1296368   8917  
 1435431   304862  
 84942   95774  
 203538   6125956  
 3169   363538  
 5642   52843  
 4636539   101703  
 13741   2868  
 401449   101703  
 1257   3861677  
 85965   5734417  
 2889   5318913  
 610843   874965  
 210825   1522122  
 1338283   918  
 76505   5036302  
 2889   5001087  
 5050117   1375  
 894532   577324  
 5828491   1107439  
 740442   1107439  
 3657966   82534  
 1156162   101703  
 1317488   702  
 98286   421873  
 5512   138425  
 5709298   379739  
 5865   4975631  
 5723011   4251003  
 616254   4990  
 2628705   421525  
 351033   2940037  
 266286   699375  
 50216   412497  
 101703   698  
 1315848   2361182  
 698816   2889  
 2633551   210707  
 267   4511935  
 766279   266262  
 101703   196767  
 520568   266286  
 110472   1287346  
 6191   1117681  
 4689330   2389276  
 277610   232820  
 4145702   2955  
 4602425   10815  
 75164   1441103  
 80122   2405519  
 1371217   9178  
 115962   261452  
 214422   3880607  
 600600   138425  
 86715   551093  
 897578   287308  
 2755333   3579422  
 103996   95141  
 12552   15508  
 514338   117179  
 4698056   484284  
 551138   43505  
 2405519   55066  
 3087526   4561811  
 277126   49707  
 2914   15719  
 131179   1697118  
 14600   1341  
 4426193   138425  
 604644   3822861  
 2868   5624282  
 1455811   8093  
 1317488   2955  
 3428157   101703  
 4437715   507  
 76837   1229591  
 1265843   616254  
 5435464   124518  
 2243090   2228479  
 3535554   797727  
 743785   1875  
 5352419   560620  
 645   130966  
 33457   1277475  
 1455811   4255566  
 313607   577324  
 3438587   168524  
 4025475   961878  
 591432   583230  
 1273558   3673927  
 619826   2280855  
 4686891   995758  
 4489211   5844  
 9178   71157  
 811019   101703  
 882763   2829862  
 266286   561153  
 1031474   8366  
 3644634   213268  
 607926   607925  
 2209   6189  
 471960   6659  
 4366061   94419  
 6103011   2734169  
 78942   2530263  
 1763568   239715  
 4876709   2132236  
 660852   623583  
 1560241   599318  
 662552   32179  
 489316   272380  
 1685057   2026908  
 1464   30049  
 698816   867429  
 202264   51272  
 2730187   965477  
 3081093   115962  
 948322   2167399  
 203851   1134165  
 2909   2167399  
 6174554   5799044  
 440180   698  
 558697   538055  
 29911   138425  
 15460   2611068  
 2538369   2171737  
 1273558   205142  
 4961   4661759  
 1040442   1584317  
 1167443   2068316  
 4251003   4302077  
 1342758   2756209  
 93849   230850  
 580398   1552798  
 75164   552620  
 1818177   3095150  
 70881   2014487  
 10311   523060  
 4349077   28792  
 1503288   4377973  
 3081093   2014487  
 4593761   3191692  
 151798   2167399  
 1253021   3257590  
 2654605   1784086  
 93202   5955686  
 8093   29911  
 31332   1779207  
 415394   518746  
 252843   507  
 279516   277276  
 30522   278290  
 36307   1481260  
 5627124   2125799  
 44186   62956  
 383504   594014  
 346428   8295  
 1430333   101703  
 4255566   101703  
 5522   8093  
 1296368   1466517  
 2132236   5720379  
 471960   12756  
 252606   3336409  
 50216   1004813  
 77149   82534  
 1197287   961878  
 393376   159589  
 4912171   114966  
 1006962   2589797  
 2315215   497081  
 1316105   852962  
 2611076   3265381  
 1753724   203150  
 89444   3450102  
 1083898   2361182  
 313607   3605783  
 1741913   2413714  
 5486277   8295  
 3131616   3145224  
 8251   42188  
 1907547   12756  
 1471149   1534  
 2135008   2589490  
 3904323   379823  
 93849   918410  
 367162   524172  
 1341   3691959  
 71157   365757  
 199456   3408142  
 340797   2274655  
 1308921   1107439  
 205142   2228479  
 1438160   3419  
 2308306   3694  
 393376   474568  
 2418648   3726033  
 410769   214198  
 4825628   101703  
 1456673   616254  
 36399   210707  
 120587   431  
 356073   2273317  
 1438160   4078489  
 2262124   30548  
 4449409   95141  
 1464   3367046  
 12461   1579193  
 1070862   665  
 2243090   394163  
 242265   3405525  
 646428   490573  
 489316   279516  
 409561   11005  
 86451   401701  
 1440109   62135  
 5865   71157  
 7171   8093  
 516528   3398678  
 3450102   101703  
 30731   1949  
 5356969   377873  
 175777   108875  
 2243090   1164180  
 13742   446286  
 975965   2079630  
 3087526   4990  
 114184   3020780  
 3861677   101703  
 338928   1028889  
 1338283   6191  
 960035   3023027  
 5949056   2973631  
 12795   136675  
 3548531   105339  
 1006962   2611068  
 1167443   6017006  
 379739   4540  
 9320   2889  
 1342758   3408142  
 2169336   1006962  
 5260172   229010  
 1455811   1857128  
 2209   2914  
 12756   30359  
 10876   580398  
 95141   410940  
 2431960   286095  
 6078819   3926346  
 530960   71157  
 948322   5339150  
 454330   95141  
 5642   2987  
 158658   160122  
 267   15508  
 369051   1812124  
 178388   124767  
 269319   421873  
 944558   99711  
 591432   1573987  
 3946100   773885  
 4288496   2216311  
 4078489   4769252  
 507   14134  
 5864641   1471149  
 592354   412027  
 3348917   2611068  
 75474   4850  
 3169   58713  
 220035   101703  
 3280357   12325  
 1452692   101703  
 230850   186965  
 10671   39510  
 1285107   346428  
 26696   359889  
 1029683   647046  
 961878   83575  
 4902741   4661759  
 1148008   3023027  
 1579192   1257  
 1052186   1455811  
 4797685   1348383  
 521408   98286  
 1371217   178388  
 2334881   32588  
 95141   5640306  
 748609   3116213  
 994891   97439  
 233632   743785  
 400751   591095  
 2095338   168887  
 758392   1196048  
 1134436   7108  
 1685251   1732924  
 894532   1328847  
 107501   1136972  
 169923   3657877  
 2826276   105855  
 2334881   453022  
 318577   10905  
 5709298   1003058  
 1169961   1036394  
 616254   736211  
 753716   797727  
 753716   494487  
 627305   1452692  
 4234277   3241435  
 4961   735869  
 1538737   2633551  
 56630   8093  
 88065   21511  
 766279   101703  
 610843   4825628  
 26729   30522  
 1732924   4966381  
 218368   2628705  
 1001743   101703  
 504786   4645460  
 1533035   616254  
 223506   1812435  
 2108872   646428  
 1435431   492280  
 897578   702  
 3408142   2756209  
 5360591   408891  
 2889   56978  
 2452578   72478  
 3169   748609  
 6189   5103  
 464930   246527  
 2123904   972462  
 6308963   4396211  
 1257   12270  
 20336   1812435  
 3819066   101703  
 4841952   2353  
 49707   2334200  
 1317488   102131  
 3498746   5522  
 136675   1136972  
 2753090   107501  
 266286   3755175  
 62369   6259822  
 1034560   101703  
 4389017   118158  
 2365534   5361135  
 148747   71157  
 2818451   4379421  
 471960   101703  
 9178   5245717  
 2418648   4825628  
 107501   18399  
 1828538   851562  
 1798514   3241435  
 1067472   379739  
 2580064   1452692  
 95141   714639  
 51645   25263  
 4689330   58713  
 4743146   315613  
 223745   1459964  
 9178   1277475  
 2955   753716  
 102626   247628  
 4645460   412533  
 363538   5438  
 1656934   3429631  
 369314   155290  
 231227   71157  
 1868838   753716  
 882763   117174  
 2125799   412944  
 551138   2884588  
 229010   1753724  
 492280   304862  
 112266   379739  
 2147   2445380  
 4840275   6189  
 766224   4689330  
 3145224   6317434  
 3866386   431  
 4651628   6023259  
 607925   3163837  
 459009   2955  
 5352315   914565  
 1723498   1265927  
 448237   101703  
 1273558   1712631  
 51247   1072695  
 3890116   190555  
 12325   4316426  
 15595   440180  
 84942   3834103  
 5977961   1825965  
 51399   677746  
 414   41214  
 492898   1949  
 30522   5955686  
 3145224   1215007  
 289728   6143882  
 93849   688125  
 2589797   2786878  
 112266   28934  
 3435169   4379421  
 2447626   2730187  
 2059480   3127693  
 170080   2457905  
 520568   551138  
 2955   2418648  
 965477   2447626  
 1107439   2315215  
 101703   1430679  
 167291   4644307  
 3073   3926346  
 5609533   4349230  
 426875   8093  
 1283049   2359131  
 118224   1949  
 54333   1455811  
 1341   18063  
 3566729   2955  
 5890113   15719  
 2279129   1455811  
 3169   333617  
 338928   213268  
 520568   223745  
 1493813   194748  
 430363   115994  
 1784086   773885  
 36399   1288785  
 1560241   55066  
 557705   455833  
 9178   6254303  
 6178833   2553592  
 3241435   2589797  
 1452692   35703  
 794778   516534  
 223745   4868  
 1965896   965477  
 1838093   219216  
 6107102   837296  
 181867   368947  
 4099653   105438  
 15918   1455811  
 21658   4966381  
 5948684   6178833  
 1101843   11767  
 2889   451206  
 2031683   115994  
 4868   3367046  
 5529869   94039  
 1395369   138425  
 1424017   804126  
 3359961   103996  
 568115   143  
 1052186   19794  
 162977   1471149  
 2405519   3163837  
 5522   431  
 21060   427471  
 3464174   2788981  
 4385121   1197287  
 267   3117  
 8093   3782014  
 1610997   14981  
 2457905   4545533  
 994891   138425  
 5640306   1167443  
 2589490   2834295  
 199456   2756209  
 3171000   4349230  
 8093   3810398  
 86715   833203  
 318577   1949  
 1375   1107439  
 941   84942  
 26718   114966  
 1800096   2171116  
 15719   6189  
 632   5118954  
 1295854   1424017  
 58666   1724690  
 2062184   1435242  
 5163748   105438  
 267   143483  
 1288681   190555  
 5969640   4349077  
 3926346   115962  
 1006962   3241435  
 5332682   145476  
 1290968   167291  
 967   1753724  
 2280855   1028889  
 71987   1159229  
 743785   88683  
 1664816   523577  
 1246885   62135  
 998433   101703  
 8917   39510  
 4902741   28792  
 3183860   36461  
 2470841   8093  
 3464174   1798514  
 489316   20844  
 948322   1012205  
 227624   31555  
 1649153   2875401  
 252606   646428  
 2666992   1101843  
 1101843   3694  
 3428157   196767  
 2470841   4661435  
 680840   646428  
 450395   62135  
 2209   4990  
 698   5036302  
 4743146   591095  
 70881   4317146  
 71157   1756678  
 143483   396  
 1220916   93849  
 109434   1785596  
 758392   2611068  
 2909   151798  
 231227   2863915  
 100871   941  
 3086942   1552798  
 214198   702  
 464930   71157  
 1868838   635951  
 1288528   610843  
 227624   1430679  
 70881   15918  
 179047   1784086  
 2874045   192893  
 2940037   102479  
 181867   101703  
 2666992   1452692  
 3145224   516528  
 52029   671598  
 219216   1288785  
 4594471   368947  
 55066   610843  
 4139426   4013107  
 730163   482539  
 948322   3217  
 501312   75164  
 137600   101703  
 21917   1066342  
 4251003   2611068  
 1070862   698  
 3296658   159959  
 411524   450030  
 97053   5001087  
 4526008   9339  
 5815688   214198  
 766448   299778  
 19794   1784086  
 136675   18399  
 1316105   2753323  
 677746   1288785  
 516534   92597  
 379739   1229591  
 3566729   2418648  
 168887   8093  
 1003058   874965  
 4813   67839  
 4921448   2909  
 15719   9178  
 507   989669  
 71157   2044230  
 27837   1868838  
 1850329   704238  
 3543467   295855  
 6287384   670745  
 1391931   241499  
 179047   773885  
 104361   5352419  
 1608358   2553592  
 11009   4178706  
 722000   389490  
 3566729   1107439  
 588110   4013107  
 101703   3548531  
 1261824   1029683  
 2112571   1438160  
 616299   130791  
 806528   4990  
 481481   3191692  
 1538737   677746  
 2603674   450030  
 6017006   124518  
 326288   837296  
 199361   3292127  
 1722593   3535554  
 1648216   3116213  
 95141   107501  
 5989893   55066  
 393376   1295854  
 93849   2728235  
 3828053   365757  
 4876709   2855131  
 527939   646428  
 32623   56253  
 223745   627305  
 12795   2196559  
 3133910   2351615  
 692633   72478  
 1317488   32435  
 71157   321852  
 3602365   2064709  
 151189   1202110  
 1024402   468535  
 2703325   277126  
 677746   6023259  
 92226   753716  
 4635521   837296  
 202264   3714902  
 65641   39510  
 3436   6189  
 100871   97053  
 3466798   619826  
 11767   103423  
 199456   5794102  
 3657877   610843  
 1937330   218927  
 3131616   516528  
 6290240   1207402  
 699375   2530263  
 332762   5036302  
 15719   267  
 3611225   379745  
 743   2058068  
 1943146   8093  
 1371217   94419  
 286441   496501  
 696944   130966  
 1924153   15508  
 2775697   1136972  
 20844   28792  
 86715   37422  
 1355923   616254  
 5380683   507  
 368947   2128333  
 1438160   6189  
 1659685   315613  
 3605783   2611068  
 2405519   136602  
 136675   62956  
 5864641   1053046  
 619826   1028889  
 1924153   105855  
 5139   10876  
 393376   158658  
 803875   229010  
 136675   107501  
 11876   1578564  
 83906   1271  
 31332   1949  
 1623859   54006  
 3535554   267  
 75650   421873  
 1949   23926  
 1316105   4687586  
 253   1341  
 1428096   5255532  
 845248   616254  
 2834295   510623  
 1017043   58713  
 1326360   369314  
 3954698   213268  
 3770721   4602425  
 306835   440180  
 3611225   6317434  
 51247   1190361  
 70881   127876  
 148747   394163  
 532972   2389276  
 1283049   83575  
 1973784   2784814  
 5699977   30522  
 95141   5724815  
 218108   4780731  
 1753410   944218  
 1455811   3890116  
 6172   5012071  
 532972   507  
 551138   2666992  
 507   1086958  
 12325   3466798  
 6209956   2058068  
 1455811   230478  
 948322   266286  
 1296368   683072  
 84281   4147290  
 277126   58751  
 19794   702  
 4593761   626375  
 5556064   3890116  
 5828491   1003058  
 4317146   489287  
 2062184   4260264  
 588110   18063  
 842689   670745  
 1812435   1579193  
 1182384   3979  
 5948684   2553592  
 2039306   32623  
 551138   1452692  
 5050117   5828491  
 551138   1101843  
 4561811   6414  
 107501   277126  
 2872291   1753724  
 70881   283325  
 3600180   4099653  
 4561811   3163837  
 2457905   5429535  
 138425   1025653  
 1578   86715  
 1572482   2611068  
 3018920   2889  
 721353   4540  
 409673   3535554  
 39088   11730  
 510623   1949  
 670745   4020094  
 1931821   944218  
 70416   1587917  
 1136972   18399  
 6172   1184629  
 1190415   961878  
 20445   3428157  
 267   2112571  
 54333   347285  
 3086942   52843  
 3834103   97053  
 32588   676847  
 1395369   8093  
 5556064   1455811  
 4876709   5720379  
 577324   3605783  
 1455811   2418648  
 3566729   510623  
 5356969   1951600  
 2788981   6317434  
 101703   3655540  
 4398178   1190361  
 507   1338283  
 623793   1286287  
 524172   72478  
 2418648   1464  
 697241   3421803  
 5227204   22351  
 859056   1007127  
 972462   5139  
 3981675   2966574  
 1066342   101703  
 5272286   101703  
 118224   10905  
 1052186   2955  
 2644746   462070  
 608112   2955  
 33457   1937330  
 5890113   4698056  
 5724815   692633  
 1784086   410940  
 3469521   439491  
 203538   101703  
 213268   13742  
 877921   5895710  
 1455811   85965  
 1608358   5948684  
 314970   4377758  
 70881   2753090  
 229010   29492  
 571272   3163837  
 1028889   124518  
 155290   6207391  
 2914   72  
 61466   266286  
 267   3348917  
 5828491   536661  
 6285097   2955  
 2447626   1003058  
 3566729   1003058  
 5818687   4849258  
 6318002   101703  
 845248   1512631  
 1233080   1273558  
 402450   5001087  
 2447626   1032155  
 591432   3395775  
 897578   3191692  
 306835   401701  
 4561811   610843  
 965477   3241435  
 4234277   3464174  
 440180   136675  
 882763   5720379  
 1961037   1471149  
 4255566   1411862  
 4178706   1128191  
 319485   101703  
 698816   3191692  
 57715   518746  
 115962   69558  
 1936491   287308  
 253   468  
 115962   1052186  
 1599786   84942  
 15918   157617  
 4689330   1017043  
 459104   4825100  
 599318   408891  
 102626   4050213  
 75650   771325  
 2734169   1219227  
 535738   16356  
 363538   90773  
 108914   4813  
 159589   18383  
 897578   4651628  
 55066   408891  
 9178   4990  
 460592   948322  
 3770721   1924153  
 2095338   2127  
 115994   1753724  
 119565   1033469  
 115962   979070  
 1124162   2149086  
 36399   219216  
 75474   136675  
 379739   2348766  
 3316977   1341  
 3861677   12270  
 2859705   1136972  
 4715700   414  
 771091   241499  
 1067472   3834103  
 3191692   626375  
 965477   4234277  
 2327467   5779095  
 3951532   90471  
 2889   152521  
 4013107   160505  
 474568   4218645  
 2123904   412497  
 1839040   71157  
 730163   638045  
 1452692   178388  
 5734417   1341  
 107501   2216311  
 1798906   6414  
 2955   600600  
 95141   72478  
 698816   481481  
 439491   1939964  
 54883   2793945  
 219216   1538737  
 1747378   2055957  
 5970280   2015553  
 1004813   3429631  
 1452692   538055  
 272380   15719  
 138425   4589950  
 5227204   1365979  
 5873648   380907  
 5522   27171  
 507   108676  
 3436   4511935  
 71157   35703  
 1296368   1317488  
 6191   5001087  
 3682   518746  
 4873422   1441103  
 1126097   507  
 3929731   897578  
 2889   1274645  
 9178   706084  
 4078489   77149  
 53349   1502578  
 232840   507  
 101703   81115  
 170405   11739  
 817432   956464  
 1375   2418648  
 232840   339548  
 662552   77149  
 2775697   213268  
 2209   72  
 71987   5895710  
 3845664   1455811  
 110073   115962  
 1052186   30359  
 948322   3861677  
 5699977   278290  
 1338283   2379367  
 4377473   493931  
 1003058   510623  
 263697   267  
 692633   54333  
 380907   253983  
 52843   230651  
 1724690   20558  
 523060   5255391  
 5123314   1015668  
 864120   1343818  
 1656934   56253  
 1159229   6143882  
 1306024   616254  
 1007922   2379367  
 2945491   1450892  
 1857128   3700807  
 10905   5450260  
 230850   419046  
 1649153   4377758  
 572667   1265927  
 5949056   317816  
 3890116   2955  
 3398678   1215007  
 346428   107501  
 115962   753716  
 101703   1317488  
 3191659   5895710  
 4850   3949176  
 2125349   3359283  
 5148425   1136972  
 53349   138425  
 5438617   4013107  
 1072695   210298  
 51399   219216  
 1003058   2418648  
 2515180   93849  
 115962   111795  
 43505   194482  
 65933   178388  
 18744   199361  
 4561811   178411  
 6659   1802894  
 1464   178411  
 4260264   1179224  
 492898   2389276  
 552620   2127  
 2334881   676847  
 1184629   115994  
 70881   157617  
 3068676   232791  
 1685978   5609533  
 2160385   638045  
 9178   995758  
 20844   1288528  
 4876709   882763  
 1004813   412497  
 736211   702  
 72   267  
 218108   3020780  
 1949   179047  
 1951600   2394142  
 1648208   5794102  
 2308306   1101843  
 3265311   874965  
 75164   2127  
 1656934   2039306  
 51096   2572445  
 1784086   328895  
 766224   58713  
 4316426   619826  
 61466   699375  
 36634   8093  
 380   71157  
 1659685   400751  
 155689   4396211  
 1101843   670745  
 88950   28934  
 93849   241499  
 994891   5445646  
 3951532   2784814  
 504786   412533  
 5139   218927  
 965477   1798514  
 2920993   13741  
 5305959   1355923  
 15460   101703  
 44872   2811189  
 897578   677746  
 386181   2420214  
 1247225   1353594  
 101681   1455811  
 1549645   6017006  
 1722059   930294  
 95141   815856  
 2014487   190555  
 112266   1265927  
 2589797   2889  
 286441   1945423  
 3436   20708  
 1341   520150  
 33457   1929421  
 743785   3217  
 552620   75164  
 869982   185895  
 1296368   1031875  
 5522   430363  
 5206434   6143882  
 316059   412533  
 3377   1177532  
 2431427   1608358  
 32435   48317  
 1839040   32588  
 3217   1875  
 219216   677746  
 1945423   359889  
 3265311   1107439  
 2132236   117174  
 882763   449982  
 3151056   2262124  
 12795   6290240  
 1115620   1257  
 893697   102626  
 4828578   2351615  
 2171737   155290  
 3942819   145476  
 2410689   1785596  
 2389276   2753090  
 599318   55066  
 3435169   5605813  
 765321   5001087  
 2920993   298948  
 1866   1271  
 1828538   4525150  
 1931821   1542933  
 1115620   1107439  
 696944   1452692  
 76505   698  
 1156162   3548531  
 4546560   5734417  
 321852   3714902  
 4767525   1117681  
 523577   698  
 960035   1148008  
 5318913   2611068  
 421083   23583  
 252606   95774  
 1842469   213590  
 27837   635951  
 49707   549166  
 1756305   702  
 938261   2365534  
 4868   3548531  
 1924153   10815  
 1464   414955  
 1466517   101703  
 20844   610843  
 1257   4296862  
 230850   255474  
 1945796   252606  
 425   41370  
 19104   279516  
 36072   1324923  
 101703   5640306  
 199361   1471149  
 6189   2786878  
 29528   10876  
 1455811   5578611  
 2858   4132  
 1406540   36634  
 317816   1136972  
 1842469   101703  
 145476   3367046  
 1317488   75474  
 29911   600600  
 670745   103423  
 1101843   103423  
 101703   3937287  
 3217   702  
 344645   6189  
 521408   126523  
 61233   1384267  
 571394   266286  
 680840   1817175  
 2988593   2315244  
 516528   1215007  
 71157   3690526  
 267   5103  
 95141   8902  
 4864908   101703  
 12325   2280855  
 102626   2436323  
 6659   23219  
 232791   93849  
 1781354   4561811  
 93849   130966  
 2889   321852  
 277126   81115  
 1420775   646271  
 1452692   616254  
 84942   1067472  
 1438160   897188  
 124518   15719  
 2169336   1296368  
 219216   210707  
 698816   1341  
 844521   1976554  
 53349   8093  
 817432   1622120  
 743   11730  
 629664   1273558  
 604644   124518  
 1233415   15918  
 1455811   859056  
 901099   1803805  
 2405519   4256054  
 29528   5170511  
 2628705   158778  
 1455811   552620  
 425   1850329  
 213268   107501  
 202264   1104167  
 5305959   3395775  
 13570   8093  
 1464   4661435  
 1067472   17956  
 1888   5605813  
 5197002   489316  
 2001954   287308  
 2703325   58751  
 75164   4873422  
 4260264   863889  
 1317488   6058  
 5360591   1560241  
 2273317   340983  
 1403961   108676  
 2914   6189  
 1455811   2111061  
 842689   549166  
 607925   4990  
 1435242   770097  
 698   1271  
 1040442   2125799  
 85873   27172  
 3682   1435014  
 5529869   4302077  
 4238017   646428  
 50434   2147  
 1648216   3093275  
 965477   387911  
 5890113   124518  
 3241435   5756379  
 6078819   115962  
 1007127   279516  
 5030658   989669  
 4561811   5844  
 594014   228343  
 1455811   1430679  
 1452692   1328847  
 1317488   683072  
 2889   1160812  
 3359961   115962  
 1888   1029683  
 5486277   437777  
 1455811   5828491  
 50377   1756678  
 3819066   2955  
 2868   8093  
 4366061   178388  
 2884588   90773  
 1136972   97053  
 1201701   696944  
 1101843   1452692  
 2014487   2834295  
 1006962   5756379  
 394163   205142  
 1401385   325447  
 44186   136675  
 5148425   5001087  
 576   1460021  
 1988081   1842469  
 100871   69558  
 181867   4594471  
 74756   676847  
 267   1868838  
 4561811   607925  
 101703   758392  
 348933   1766617  
 1787225   1190415  
 73040   735869  
 267   396  
 1424017   379739  
 1456673   753716  
 223506   1579193  
 2914   4990  
 348933   54333  
 379739   804126  
 181290   1542933  
 2418648   3954698  
 3145224   3398678  
 2955   941  
 1202110   2952239  
 4828578   38509  
 297139   101703  
 1578564   753716  
 58713   3755175  
 688025   115962  
 15719   4698056  
 893697   3359961  
 6041347   1111358  
 1866   2274655  
 170080   5429535  
 864120   2175250  
 6189   9178  
 5642   1552798  
 15719   4990  
 683072   2079630  
 1552798   5001087  
 882763   2163453  
 2611076   346935  
 406324   18935  
 3359283   2553592  
 1177532   5012071  
 43505   387911  
 179825   694930  
 1209512   287308  
 13741   5624282  
 1464   1456673  
 347285   1756678  
 2457905   4501253  
 379739   17956  
 864292   594014  
 1857128   509526  
 5529869   365757  
 3117   4511935  
 591432   71157  
 32435   1753724  
 1599786   95774  
 2445380   2015237  
 3171000   5609533  
 2611068   1527487  
 4139426   1868782  
 1664816   4527223  
 1825965   5947765  
 136675   6290240  
 4255972   4594471  
 52594   211065  
 1317488   365757  
 1753410   1542933  
 12270   4296862  
 124518   2889  
 212942   5895710  
 459009   430363  
 2589797   365757  
 49707   1296368  
 1766617   3395775  
 5360591   599318  
 591432   301871  
 215564   961878  
 3690526   246527  
 1455811   5734417  
 93849   9178  
 5522   365757  
 5853562   3782014  
 4651628   1370576  
 279177   492898  
 62369   1618204  
 330410   276464  
 11784   6317434  
 1296368   536661  
 1365224   1516322  
 4561811   76837  
 11009   797727  
 70881   107501  
 140128   37894  
 10905   9339  
 2580064   348933  
 6078819   1455811  
 6189   4511935  
 8093   11327  
 3700807   2730187  
 2775697   107501  
 5969640   4902741  
 2315215   1040442  
 5640306   6017006  
 464930   3690526  
 1296368   151189  
 1224264   6316322  
 1067472   1265843  
 267   6189  
 115962   1712631  
 82534   3972871  
 4366422   97053  
 51399   2633551  
 5009267   5289171  
 5989893   599318  
 551138   365757  
 748609   6023259  
 551138   6317434  
 1223368   3629325  
 115962   1190415  
 4527223   523577  
 1584939   414  
 51247   210298  
 10905   358909  
 298948   2868  
 965477   2730187  
 51399   1838093  
 1800096   828247  
 1257   197283  
 1223368   333617  
 893697   141898  
 4945553   646428  
 1386652   1851639  
 4366061   1371217  
 709888   2431960  
 646428   4990  
 1428096   623793  
 2086246   101703  
 507   429142  
 1451311   6254303  
 415394   57715  
 3169   4813  
 52843   580398  
 351033   2389276  
 536661   15918  
 3086942   580398  
 877921   71987  
 503272   507  
 1452692   894532  
 43505   965477  
 33457   41259  
 84942   9178  
 158778   7958  
 698816   4990  
 2553376   218291  
 444169   747572  
 3348917   365757  
 320177   126523  
 3377   5012071  
 1828538   610843  
 867429   520150  
 437777   33709  
 1857128   534962  
 2147   2015237  
 762438   1229591  
 1973784   108914  
 2580064   1542933  
 93849   5119877  
 118224   2611068  
 313607   894532  
 326288   4635521  
 5883453   892846  
 3822861   124518  
 1542933   54333  
 30522   93202  
 2136609   338018  
 2580064   54333  
 1450   94039  
 80122   136602  
 551138   5438  
 607925   124518  
 3427073   646428  
 4961   4902741  
 4256054   55066  
 6134232   616983  
 15824   101703  
 646428   33829  
 4879354   3046999  
 680840   801949  
 721353   306835  
 1296368   101703  
 2522149   702  
 1924153   4602425  
 446592   199268  
 948322   151798  
 21917   101703  
 2987   52843  
 394163   2228479  
 298348   8093  
 552620   1441103  
 50317   1197287  
 6317434   1215007  
 88114   4031148  
 5050117   510623  
 1371217   3728423  
 2479648   1257  
 6287384   8938  
 1973784   3951532  
 801661   9415  
 3535554   3348917  
 4255972   1067472  
 158658   18383  
 227624   1452692  
 1464   994891  
 5356969   2394142  
 118224   318577  
 5118954   3257590  
 9178   16820  
 4025475   215564  
 348933   1542933  
 1608358   6178833  
 680840   1090427  
 5438617   1868782  
 3535554   5578611  
 1375   510623  
 3535554   3890116  
 51096   3293219  
 306835   1455811  
 1093   1395369  
 5556064   190555  
 1973784   940636  
 359889   58782  
 549166   1296368  
 437753   2175250  
 270322   93849  
 5989893   408891  
 1107439   497081  
 549166   2334200  
 346428   89135  
 6659   6189  
 892412   365757  
 56630   41214  
 136602   55066  
 4850   616254  
 1572482   2111061  
 2431960   1824460  
 5445646   97439  
 279177   1949  
 32588   71157  
 475137   3293219  
 521408   75650  
 571272   136602  
 1067472   1257  
 964960   2818451  
 241499   5119877  
 32623   3429631  
 4868   688125  
 1839040   676847  
 4398178   51247  
 2580064   1115620  
 698   2274655  
 393376   1424017  
 6290240   449982  
 388322   748609  
 388322   58713  
 15460   3348917  
 112266   1723498  
 298348   41214  
 3954946   367162  
 430363   2955  
 1070862   440180  
 1326360   155290  
 1538737   1288785  
 4299945   5977961  
 822911   1107439  
 1949   1779207  
 70881   1678827  
 1283049   961878  
 124518   4366422  
 4393   154589  
 311050   1630220  
 269125   101703  
 3435169   1029683  
 191282   461111  
 5103   3805980  
 11009   3535554  
 12461   20336  
 112266   333617  
 219216   650234  
 10311   864120  
 12214   6575  
 4594471   1348383  
 48076   989669  
 267   3805980  
 93849   6414  
 1078939   267  
 600600   319485  
 1455811   688025  
 1107439   2418648  
 1787225   3169  
 2405519   2786878  
 629664   3683612  
 637603   1868838  
 2955   4850  
 5227204   1460021  
 2431427   2553592  
 4526008   10905  
 610843   3265311  
 199456   1342758  
 5030658   507  
 3552950   1359598  
 1093   1406540  
 4366061   3828053  
 1471149   1111358  
 351033   507  
 28792   610843  
 171332   347285  
 131960   3428157  
 2955   1712631  
 530960   365757  
 5556064   2014487  
 4527223   4540  
 31123   408891  
 4236338   20844  
 11009   5858305  
 698   2556  
 289728   604812  
 5704936   3186530  
 1533035   2955  
 269125   277126  
 84281   3429631  
 266262   101703  
 507   379214  
 363289   37422  
 1457724   489287  
 3117   6189  
 8093   462070  
 163704   279177  
 1265843   1615757  
 2112571   3419  
 795747   280159  
 3348917   3605783  
 3634152   230850  
 3466798   3605783  
 1560241   31123  
 6316322   822911  
 10671   8917  
 43505   1452692  
 6222659   557705  
 2826196   101703  
 1542933   3395775  
 4360005   2524325  
 222016   340797  
 1375   2955  
 3169   3629325  
 1410204   702  
 2069645   155290  
 11767   670745  
 1455811   4050213  
 377873   2394142  
 6099061   616983  
 1196048   101703  
 911106   1031474  
 5103   4846271  
 1961037   162977  
 52843   95774  
 22351   1365979  
 15719   484284  
 3147522   583230  
 51399   1288785  
 217769   646428  
 95141   692633  
 1224264   822911  
 4376045   306835  
 58666   20558  
 95141   3946100  
 253   126893  
 1375   5828491  
 6172   1455811  
 233076   1795429  
 33390   95774  
 4635521   6107102  
 1238792   136675  
 4008675   1430333  
 1435242   863889  
 564921   616254  
 3663563   941  
 100871   1067472  
 4255972   4797685  
 393376   616254  
 796907   646428  
 2123904   6023259  
 366218   17723  
 922697   3191692  
 18744   158658  
 2955   70540  
 330410   3984029  
 23926   1375  
 694624   5947765  
 101703   510623  
 3081093   1306024  
 218291   660852  
 55066   439491  
 213590   101703  
 694624   5977961  
 2431960   944558  
 15918   72478  
 143656   16211  
 218291   647046  
 211065   507  
 2868   20445  
 4743146   400751  
 315170   674980  
 2708859   1452692  
 3885190   5450260  
 709888   43505  
 196938   2874803  
 1945796   95774  
 648795   1949  
 101703   3191659  
 2580064   2708859  
 677746   616254  
 1403961   507  
 2945491   1909637  
 1115620   1542933  
 1952013   328895  
 88065   4825100  
 2753090   53694  
 3117   5103  
 1224763   4644307  
 52843   1552798  
 551138   90773  
 4850   4561811  
 4234277   1798514  
 2039306   56253  
 1784086   702  
 507   339548  
 852962   4687586  
 2356221   2351615  
 3634152   419046  
 1785596   646428  
 114184   4780731  
 4398178   210298  
 1290968   1224763  
 3359961   1947655  
 721353   698  
 339717   92597  
 31123   55066  
 1502578   138425  
 972462   702  
 961878   1093591  
 948322   797710  
 32179   77149  
 59110   98286  
 742736   2611068  
 3890116   2014487  
 506203   2168975  
 627305   412944  
 82534   1265927  
 15719   368947  
 688025   2477195  
 162977   102626  
 2243817   869982  
 12756   1802894  
 10905   1455811  
 3890116   5578611  
 218291   623583  
 115962   714639  
 1455811   628615  
 1201701   3251061  
 1722593   753716  
 29492   8093  
 297139   979070  
 5853562   941  
 74613   304862  
 2125349   6178833  
 1538737   210707  
 998433   93849  
 646428   2875401  
 2039306   3429631  
 4132   385367  
 55066   2786878  
 87254   3092974  
 253   20583  
 4078489   3419  
 11009   2921901  
 101703   2834295  
 507   1341  
 1456673   6414  
 1003058   948322  
 2123904   1762404  
 58713   67839  
 834465   1455811  
 230850   157617  
 59110   269319  
 859056   279516  
 2123904   1410204  
 2147667   422651  
 3169   1223368  
 50434   2015237  
 2811189   702175  
 5050117   3566729  
 1159229   5895710  
 117174   5720379  
 269319   126523  
 94419   178388  
 998433   2955  
 756548   1219227  
 1341   488622  
 3845664   1949  
 1159229   2043885  
 2589797   5529869  
 1188   65641  
 507   672095  
 1115620   443096  
 141930   1341  
 497081   1040442  
 815856   5640306  
 2125349   2553592  
 3464174   3241435  
 6103011   756548  
 1667236   4255566  
 15460   3605783  
 152746   175791  
 2321812   1367861  
 938261   5361135  
 3427073   801949  
 725244   51645  
 4426193   994891  
 4178706   70540  
 2209   15719  
 571272   80122  
 150040   93849  
 6172   54333  
 86451   306835  
 5679557   6191  
 6209956   11730  
 84281   82534  
 2227485   72478  
 4145702   277126  
 803875   1753724  
 389241   1317488  
 1756305   214198  
 212942   1949  
 5989893   1560241  
 2889   455833  
 496501   58782  
 211065   2539  
 613241   2909921  
 388322   67839  
 102131   4082268  
 4064128   54006  
 2470841   230850  
 150040   169157  
 965477   2788981  
 1464   321852  
 115962   506203  
 911106   168718  
 267   77149  
 5512   1025653  
 1838093   1288785  
 1052186   1341  
 2955   190555  
 1839040   2334881  
 272380   28792  
 2503032   3405525  
 4697456   86715  
 70881   1457724  
 12325   619826  
 623793   368947  
 1435242   1179224  
 2955   20280  
 1296368   5828491  
 1781354   3395775  
 2826196   1307534  
 379739   1697118  
 114184   218108  
 2955   5339150  
 1209512   860605  
 30731   279516  
 80122   2786878  
 4850   20280  
 4990   1945796  
 591095   315613  
 2955   2522149  
 948322   3171563  
 1052186   12756  
 250192   1273558  
 1753410   181290  
 11730   2058068  
 2125799   627305  
 1452692   280159  
 481481   287308  
 158658   159589  
 65933   94419  
 178411   272380  
 107391   2826276  
 863889   770097  
 3265381   5724815  
 95141   75474  
 232840   14134  
 459009   5522  
 252412   491103  
 11009   1455811  
 115994   368947  
 3372273   1341  
 320177   4013107  
 3733824   93849  
 15460   3466798  
 623793   4251003  
 3169   388322  
 30522   69558  
 507   18063  
 2921901   797727  
 3436   4846271  
 4078489   1031474  
 12461   1812435  
 1795429   42788  
 263697   507  
 4765065   1386652  
 864120   65641  
 2921901   753716  
 4505665   4338748  
 4526008   1455811  
 4013107   1452692  
 9320   402450  
 202466   901099  
 2955   4013107  
 5050117   1003058  
 269319   98286  
 1401385   37894  
 2784814   90471  
 520568   4868  
 2955   1128191  
 1466517   1817175  
 358905   1013964  
 998433   232791  
 350541   5868566  
 80122   3163837  
 5992   8093  
 3296658   197283  
 338928   619826  
 2889   7827  
 43505   1963526  
 2858   385367  
 5360591   55066  
 1455811   3566729  
 422033   1455811  
 646428   801949  
 101703   4527223  
 507   135579  
 279516   126244  
 232791   758392  
 5438617   4139426  
